"","date","Department","supply","stock"
"1",1932-01-01,"Architecture & Design",2,2
"2",1934-01-01,"Architecture & Design",2,4
"3",1934-04-01,"Architecture & Design",43,47
"4",1934-09-01,"Architecture & Design",4,51
"5",1935-11-01,"Architecture & Design",22,73
"6",1935-12-01,"Architecture & Design",1,74
"7",1936-01-01,"Architecture & Design",11,85
"8",1936-05-01,"Architecture & Design",9,94
"9",1936-06-01,"Architecture & Design",1,95
"10",1936-07-01,"Architecture & Design",3,98
"11",1936-10-01,"Architecture & Design",66,164
"12",1937-01-01,"Architecture & Design",14,178
"13",1937-02-01,"Architecture & Design",1,179
"14",1937-03-01,"Architecture & Design",2,181
"15",1937-06-01,"Architecture & Design",6,187
"16",1937-07-01,"Architecture & Design",5,192
"17",1937-10-01,"Architecture & Design",63,255
"18",1937-11-01,"Architecture & Design",85,340
"19",1937-12-01,"Architecture & Design",21,361
"20",1938-01-01,"Architecture & Design",4,365
"21",1938-06-01,"Architecture & Design",5,370
"22",1938-10-01,"Architecture & Design",1,371
"23",1938-11-01,"Architecture & Design",7,378
"24",1939-01-01,"Architecture & Design",3,381
"25",1939-03-01,"Architecture & Design",1,382
"26",1939-05-01,"Architecture & Design",121,503
"27",1939-06-01,"Architecture & Design",2,505
"28",1939-12-01,"Architecture & Design",10,515
"29",1940-04-01,"Architecture & Design",57,572
"30",1940-09-01,"Architecture & Design",15,587
"31",1940-12-01,"Architecture & Design",1,588
"32",1941-01-01,"Architecture & Design",1,589
"33",1941-12-01,"Architecture & Design",9,598
"34",1942-01-01,"Architecture & Design",74,672
"35",1942-07-01,"Architecture & Design",6,678
"36",1942-12-01,"Architecture & Design",2,680
"37",1943-02-01,"Architecture & Design",402,1082
"38",1943-05-01,"Architecture & Design",429,1511
"39",1943-11-01,"Architecture & Design",14,1525
"40",1944-01-01,"Architecture & Design",1,1526
"41",1944-05-01,"Architecture & Design",28,1554
"42",1944-07-01,"Architecture & Design",7,1561
"43",1944-11-01,"Architecture & Design",14,1575
"44",1944-12-01,"Architecture & Design",16,1591
"45",1945-01-01,"Architecture & Design",104,1695
"46",1945-06-01,"Architecture & Design",3,1698
"47",1946-04-01,"Architecture & Design",1,1699
"48",1946-05-01,"Architecture & Design",33,1732
"49",1947-01-01,"Architecture & Design",3,1735
"50",1947-03-01,"Architecture & Design",18,1753
"51",1947-06-01,"Architecture & Design",54,1807
"52",1948-01-01,"Architecture & Design",1,1808
"53",1948-03-01,"Architecture & Design",125,1933
"54",1949-02-01,"Architecture & Design",14,1947
"55",1949-05-01,"Architecture & Design",15,1962
"56",1950-04-01,"Architecture & Design",29,1991
"57",1950-06-01,"Architecture & Design",36,2027
"58",1950-11-01,"Architecture & Design",32,2059
"59",1951-05-01,"Architecture & Design",112,2171
"60",1951-11-01,"Architecture & Design",42,2213
"61",1952-01-01,"Architecture & Design",1,2214
"62",1952-05-01,"Architecture & Design",63,2277
"63",1953-01-01,"Architecture & Design",4,2281
"64",1953-04-01,"Architecture & Design",114,2395
"65",1953-11-01,"Architecture & Design",17,2412
"66",1954-01-01,"Architecture & Design",11,2423
"67",1954-04-01,"Architecture & Design",16,2439
"68",1954-06-01,"Architecture & Design",7,2446
"69",1954-09-01,"Architecture & Design",40,2486
"70",1954-12-01,"Architecture & Design",41,2527
"71",1955-04-01,"Architecture & Design",22,2549
"72",1955-06-01,"Architecture & Design",24,2573
"73",1956-03-01,"Architecture & Design",44,2617
"74",1956-04-01,"Architecture & Design",35,2652
"75",1956-10-01,"Architecture & Design",135,2787
"76",1957-05-01,"Architecture & Design",33,2820
"77",1957-10-01,"Architecture & Design",11,2831
"78",1957-12-01,"Architecture & Design",63,2894
"79",1958-01-01,"Architecture & Design",2,2896
"80",1958-02-01,"Architecture & Design",28,2924
"81",1958-10-01,"Architecture & Design",1,2925
"82",1958-12-01,"Architecture & Design",157,3082
"83",1959-01-01,"Architecture & Design",1,3083
"84",1959-09-01,"Architecture & Design",1,3084
"85",1959-10-01,"Architecture & Design",1,3085
"86",1959-12-01,"Architecture & Design",13,3098
"87",1960-01-01,"Architecture & Design",1,3099
"88",1960-04-01,"Architecture & Design",42,3141
"89",1960-05-01,"Architecture & Design",2,3143
"90",1960-11-01,"Architecture & Design",69,3212
"91",1961-01-01,"Architecture & Design",1,3213
"92",1961-02-01,"Architecture & Design",24,3237
"93",1961-06-01,"Architecture & Design",1,3238
"94",1961-11-01,"Architecture & Design",34,3272
"95",1962-01-01,"Architecture & Design",2,3274
"96",1962-11-01,"Architecture & Design",31,3305
"97",1962-12-01,"Architecture & Design",1,3306
"98",1963-02-01,"Architecture & Design",7,3313
"99",1963-03-01,"Architecture & Design",12,3325
"100",1963-06-01,"Architecture & Design",22,3347
"101",1963-11-01,"Architecture & Design",23,3370
"102",1963-12-01,"Architecture & Design",105,3475
"103",1964-01-01,"Architecture & Design",1,3476
"104",1964-04-01,"Architecture & Design",65,3541
"105",1964-05-01,"Architecture & Design",10,3551
"106",1964-06-01,"Architecture & Design",11,3562
"107",1964-10-01,"Architecture & Design",4,3566
"108",1965-01-01,"Architecture & Design",1,3567
"109",1965-04-01,"Architecture & Design",65,3632
"110",1965-06-01,"Architecture & Design",7,3639
"111",1965-11-01,"Architecture & Design",33,3672
"112",1966-01-01,"Architecture & Design",48,3720
"113",1966-05-01,"Architecture & Design",46,3766
"114",1966-12-01,"Architecture & Design",51,3817
"115",1967-01-01,"Architecture & Design",4,3821
"116",1967-04-01,"Architecture & Design",106,3927
"117",1967-06-01,"Architecture & Design",3,3930
"118",1967-10-01,"Architecture & Design",87,4017
"119",1968-01-01,"Architecture & Design",8,4025
"120",1968-03-01,"Architecture & Design",116,4141
"121",1968-10-01,"Architecture & Design",79,4220
"122",1968-12-01,"Architecture & Design",1,4221
"123",1969-04-01,"Architecture & Design",40,4261
"124",1969-12-01,"Architecture & Design",33,4294
"125",1970-01-01,"Architecture & Design",1,4295
"126",1970-05-01,"Architecture & Design",1,4296
"127",1970-11-01,"Architecture & Design",168,4464
"128",1971-01-01,"Architecture & Design",1,4465
"129",1971-11-01,"Architecture & Design",2,4467
"130",1972-04-01,"Architecture & Design",40,4507
"131",1972-12-01,"Architecture & Design",30,4537
"132",1973-01-01,"Architecture & Design",3,4540
"133",1973-05-01,"Architecture & Design",21,4561
"134",1974-11-01,"Architecture & Design",812,5373
"135",1975-03-01,"Architecture & Design",19,5392
"136",1976-03-01,"Architecture & Design",13,5405
"137",1976-10-01,"Architecture & Design",88,5493
"138",1977-03-01,"Architecture & Design",20,5513
"139",1977-06-01,"Architecture & Design",34,5547
"140",1977-11-01,"Architecture & Design",117,5664
"141",1978-02-01,"Architecture & Design",20,5684
"142",1978-09-01,"Architecture & Design",40,5724
"143",1979-05-01,"Architecture & Design",68,5792
"144",1980-01-01,"Architecture & Design",76,5868
"145",1980-10-01,"Architecture & Design",60,5928
"146",1981-01-01,"Architecture & Design",1,5929
"147",1981-04-01,"Architecture & Design",52,5981
"148",1981-12-01,"Architecture & Design",113,6094
"149",1982-10-01,"Architecture & Design",96,6190
"150",1983-05-01,"Architecture & Design",112,6302
"151",1983-11-01,"Architecture & Design",115,6417
"152",1984-10-01,"Architecture & Design",98,6515
"153",1984-11-01,"Architecture & Design",5,6520
"154",1985-10-01,"Architecture & Design",1,6521
"155",1985-11-01,"Architecture & Design",111,6632
"156",1986-05-01,"Architecture & Design",12,6644
"157",1986-10-01,"Architecture & Design",59,6703
"158",1987-05-01,"Architecture & Design",59,6762
"159",1987-11-01,"Architecture & Design",91,6853
"160",1988-04-01,"Architecture & Design",47,6900
"161",1988-11-01,"Architecture & Design",26,6926
"162",1989-05-01,"Architecture & Design",28,6954
"163",1990-01-01,"Architecture & Design",74,7028
"164",1990-10-01,"Architecture & Design",84,7112
"165",1991-06-01,"Architecture & Design",27,7139
"166",1991-10-01,"Architecture & Design",2,7141
"167",1992-01-01,"Architecture & Design",30,7171
"168",1992-10-01,"Architecture & Design",35,7206
"169",1993-01-01,"Architecture & Design",2,7208
"170",1993-05-01,"Architecture & Design",88,7296
"171",1993-06-01,"Architecture & Design",1,7297
"172",1993-11-01,"Architecture & Design",18,7315
"173",1994-05-01,"Architecture & Design",49,7364
"174",1994-08-01,"Architecture & Design",2,7366
"175",1994-09-01,"Architecture & Design",65,7431
"176",1994-10-01,"Architecture & Design",1,7432
"177",1994-11-01,"Architecture & Design",3,7435
"178",1995-01-01,"Architecture & Design",79,7514
"179",1995-05-01,"Architecture & Design",39,7553
"180",1995-09-01,"Architecture & Design",13,7566
"181",1995-10-01,"Architecture & Design",1,7567
"182",1996-02-01,"Architecture & Design",1,7568
"183",1996-04-01,"Architecture & Design",62,7630
"184",1996-09-01,"Architecture & Design",140,7770
"185",1997-01-01,"Architecture & Design",39,7809
"186",1997-02-01,"Architecture & Design",1,7810
"187",1997-09-01,"Architecture & Design",2,7812
"188",1997-10-01,"Architecture & Design",54,7866
"189",1997-11-01,"Architecture & Design",2,7868
"190",1998-01-01,"Architecture & Design",1,7869
"191",1998-04-01,"Architecture & Design",122,7991
"192",1998-09-01,"Architecture & Design",6,7997
"193",1998-11-01,"Architecture & Design",3,8000
"194",1999-04-01,"Architecture & Design",2,8002
"195",1999-06-01,"Architecture & Design",32,8034
"196",1999-12-01,"Architecture & Design",723,8757
"197",2000-01-01,"Architecture & Design",117,8874
"198",2000-06-01,"Architecture & Design",12,8886
"199",2000-10-01,"Architecture & Design",99,8985
"200",2000-12-01,"Architecture & Design",204,9189
"201",2001-04-01,"Architecture & Design",50,9239
"202",2001-05-01,"Architecture & Design",42,9281
"203",2001-09-01,"Architecture & Design",100,9381
"204",2001-10-01,"Architecture & Design",72,9453
"205",2001-12-01,"Architecture & Design",1,9454
"206",2002-05-01,"Architecture & Design",14,9468
"207",2002-09-01,"Architecture & Design",25,9493
"208",2003-05-01,"Architecture & Design",63,9556
"209",2003-10-01,"Architecture & Design",61,9617
"210",2004-04-01,"Architecture & Design",75,9692
"211",2004-07-01,"Architecture & Design",11,9703
"212",2004-10-01,"Architecture & Design",21,9724
"213",2005-02-01,"Architecture & Design",54,9778
"214",2005-05-01,"Architecture & Design",25,9803
"215",2005-10-01,"Architecture & Design",25,9828
"216",2006-02-01,"Architecture & Design",221,10049
"217",2006-05-01,"Architecture & Design",24,10073
"218",2006-09-01,"Architecture & Design",11,10084
"219",2006-10-01,"Architecture & Design",44,10128
"220",2007-02-01,"Architecture & Design",27,10155
"221",2007-06-01,"Architecture & Design",127,10282
"222",2007-11-01,"Architecture & Design",72,10354
"223",2008-02-01,"Architecture & Design",79,10433
"224",2008-05-01,"Architecture & Design",78,10511
"225",2008-11-01,"Architecture & Design",52,10563
"226",2009-01-01,"Architecture & Design",22,10585
"227",2009-04-01,"Architecture & Design",83,10668
"228",2009-09-01,"Architecture & Design",17,10685
"229",2009-11-01,"Architecture & Design",71,10756
"230",2010-03-01,"Architecture & Design",41,10797
"231",2010-09-01,"Architecture & Design",42,10839
"232",2010-12-01,"Architecture & Design",62,10901
"233",2011-03-01,"Architecture & Design",95,10996
"234",2011-05-01,"Architecture & Design",39,11035
"235",2011-09-01,"Architecture & Design",41,11076
"236",2011-12-01,"Architecture & Design",138,11214
"237",2012-02-01,"Architecture & Design",231,11445
"238",2012-06-01,"Architecture & Design",180,11625
"239",2012-10-01,"Architecture & Design",327,11952
"240",2013-02-01,"Architecture & Design",87,12039
"241",2013-06-01,"Architecture & Design",52,12091
"242",2013-11-01,"Architecture & Design",26,12117
"243",2014-01-01,"Architecture & Design",2,12119
"244",2014-05-01,"Architecture & Design",223,12342
"245",2014-10-01,"Architecture & Design",622,12964
"246",2015-03-01,"Architecture & Design",289,13253
"247",2015-06-01,"Architecture & Design",272,13525
"248",2015-10-01,"Architecture & Design",734,14259
"249",2016-02-01,"Architecture & Design",132,14391
"250",NA,"Architecture & Design",3302,17693
"251",NA,"Architecture & Design - Image Archive",14,14
"252",1929-11-01,"Drawings",1,1
"253",1930-01-01,"Drawings",1,2
"254",1930-10-01,"Drawings",1,3
"255",1932-02-01,"Drawings",2,5
"256",1932-12-01,"Drawings",2,7
"257",1934-03-01,"Drawings",2,9
"258",1934-04-01,"Drawings",2,11
"259",1934-09-01,"Drawings",10,21
"260",1934-12-01,"Drawings",5,26
"261",1935-02-01,"Drawings",213,239
"262",1935-04-01,"Drawings",7,246
"263",1935-05-01,"Drawings",1,247
"264",1935-06-01,"Drawings",61,308
"265",1935-08-01,"Drawings",3,311
"266",1935-11-01,"Drawings",21,332
"267",1936-01-01,"Drawings",9,341
"268",1936-02-01,"Drawings",4,345
"269",1936-03-01,"Drawings",3,348
"270",1936-04-01,"Drawings",4,352
"271",1936-10-01,"Drawings",4,356
"272",1936-12-01,"Drawings",3,359
"273",1937-05-01,"Drawings",5,364
"274",1937-10-01,"Drawings",1,365
"275",1937-12-01,"Drawings",20,385
"276",1938-10-01,"Drawings",2,387
"277",1939-01-01,"Drawings",7,394
"278",1939-04-01,"Drawings",5,399
"279",1939-05-01,"Drawings",2,401
"280",1939-10-01,"Drawings",1,402
"281",1939-11-01,"Drawings",1,403
"282",1939-12-01,"Drawings",71,474
"283",1940-04-01,"Drawings",49,523
"284",1940-05-01,"Drawings",1,524
"285",1940-09-01,"Drawings",3,527
"286",1941-01-01,"Drawings",48,575
"287",1941-03-01,"Drawings",20,595
"288",1941-06-01,"Drawings",7,602
"289",1941-12-01,"Drawings",109,711
"290",1942-01-01,"Drawings",90,801
"291",1942-03-01,"Drawings",105,906
"292",1942-05-01,"Drawings",5,911
"293",1942-07-01,"Drawings",7,918
"294",1942-12-01,"Drawings",58,976
"295",1943-01-01,"Drawings",1,977
"296",1943-02-01,"Drawings",14,991
"297",1943-05-01,"Drawings",5,996
"298",1943-11-01,"Drawings",4,1000
"299",1943-12-01,"Drawings",3,1003
"300",1944-03-01,"Drawings",2,1005
"301",1944-05-01,"Drawings",10,1015
"302",1944-06-01,"Drawings",3,1018
"303",1944-09-01,"Drawings",3,1021
"304",1944-11-01,"Drawings",2,1023
"305",1945-01-01,"Drawings",1,1024
"306",1945-03-01,"Drawings",3,1027
"307",1945-04-01,"Drawings",71,1098
"308",1945-06-01,"Drawings",3,1101
"309",1945-12-01,"Drawings",5,1106
"310",1946-05-01,"Drawings",6,1112
"311",1946-07-01,"Drawings",1,1113
"312",1947-03-01,"Drawings",68,1181
"313",1947-06-01,"Drawings",9,1190
"314",1947-10-01,"Drawings",3,1193
"315",1947-12-01,"Drawings",7,1200
"316",1948-03-01,"Drawings",7,1207
"317",1948-10-01,"Drawings",26,1233
"318",1949-02-01,"Drawings",7,1240
"319",1949-03-01,"Drawings",1,1241
"320",1949-05-01,"Drawings",2,1243
"321",1949-09-01,"Drawings",12,1255
"322",1949-11-01,"Drawings",2,1257
"323",1950-01-01,"Drawings",13,1270
"324",1950-02-01,"Drawings",1,1271
"325",1950-04-01,"Drawings",8,1279
"326",1950-10-01,"Drawings",3,1282
"327",1950-11-01,"Drawings",2,1284
"328",1951-01-01,"Drawings",13,1297
"329",1951-05-01,"Drawings",4,1301
"330",1951-10-01,"Drawings",1,1302
"331",1951-12-01,"Drawings",1,1303
"332",1952-01-01,"Drawings",6,1309
"333",1952-05-01,"Drawings",5,1314
"334",1952-10-01,"Drawings",4,1318
"335",1952-11-01,"Drawings",1,1319
"336",1953-01-01,"Drawings",10,1329
"337",1953-04-01,"Drawings",47,1376
"338",1953-06-01,"Drawings",11,1387
"339",1953-11-01,"Drawings",4,1391
"340",1954-01-01,"Drawings",1,1392
"341",1954-04-01,"Drawings",12,1404
"342",1954-06-01,"Drawings",7,1411
"343",1954-09-01,"Drawings",12,1423
"344",1954-12-01,"Drawings",6,1429
"345",1955-04-01,"Drawings",23,1452
"346",1955-06-01,"Drawings",4,1456
"347",1955-10-01,"Drawings",4,1460
"348",1955-11-01,"Drawings",26,1486
"349",1956-01-01,"Drawings",2,1488
"350",1956-03-01,"Drawings",9,1497
"351",1956-04-01,"Drawings",1,1498
"352",1956-05-01,"Drawings",5,1503
"353",1956-06-01,"Drawings",1,1504
"354",1956-10-01,"Drawings",19,1523
"355",1956-12-01,"Drawings",62,1585
"356",1957-02-01,"Drawings",10,1595
"357",1957-05-01,"Drawings",2,1597
"358",1957-10-01,"Drawings",22,1619
"359",1957-12-01,"Drawings",7,1626
"360",1958-02-01,"Drawings",6,1632
"361",1958-04-01,"Drawings",10,1642
"362",1958-09-01,"Drawings",1,1643
"363",1958-10-01,"Drawings",14,1657
"364",1958-12-01,"Drawings",6,1663
"365",1959-04-01,"Drawings",2,1665
"366",1959-09-01,"Drawings",2,1667
"367",1959-10-01,"Drawings",3,1670
"368",1959-12-01,"Drawings",3,1673
"369",1960-04-01,"Drawings",6,1679
"370",1960-05-01,"Drawings",10,1689
"371",1960-11-01,"Drawings",16,1705
"372",1961-01-01,"Drawings",5,1710
"373",1961-02-01,"Drawings",2,1712
"374",1961-03-01,"Drawings",4,1716
"375",1961-04-01,"Drawings",4,1720
"376",1961-05-01,"Drawings",3,1723
"377",1961-10-01,"Drawings",4,1727
"378",1961-11-01,"Drawings",15,1742
"379",1961-12-01,"Drawings",5,1747
"380",1962-01-01,"Drawings",20,1767
"381",1962-02-01,"Drawings",5,1772
"382",1962-03-01,"Drawings",11,1783
"383",1962-04-01,"Drawings",9,1792
"384",1962-05-01,"Drawings",10,1802
"385",1962-10-01,"Drawings",4,1806
"386",1962-11-01,"Drawings",2,1808
"387",1962-12-01,"Drawings",17,1825
"388",1963-01-01,"Drawings",10,1835
"389",1963-02-01,"Drawings",47,1882
"390",1963-03-01,"Drawings",3,1885
"391",1963-04-01,"Drawings",13,1898
"392",1963-05-01,"Drawings",25,1923
"393",1963-06-01,"Drawings",44,1967
"394",1963-10-01,"Drawings",48,2015
"395",1963-12-01,"Drawings",35,2050
"396",1964-01-01,"Drawings",9,2059
"397",1964-03-01,"Drawings",3,2062
"398",1964-04-01,"Drawings",12,2074
"399",1964-06-01,"Drawings",7,2081
"400",1964-10-01,"Drawings",28,2109
"401",1964-11-01,"Drawings",73,2182
"402",1964-12-01,"Drawings",2,2184
"403",1965-01-01,"Drawings",5,2189
"404",1965-02-01,"Drawings",10,2199
"405",1965-03-01,"Drawings",1,2200
"406",1965-04-01,"Drawings",14,2214
"407",1965-05-01,"Drawings",13,2227
"408",1965-06-01,"Drawings",13,2240
"409",1965-10-01,"Drawings",4,2244
"410",1965-11-01,"Drawings",11,2255
"411",1965-12-01,"Drawings",11,2266
"412",1966-01-01,"Drawings",5,2271
"413",1966-02-01,"Drawings",47,2318
"414",1966-04-01,"Drawings",7,2325
"415",1966-05-01,"Drawings",18,2343
"416",1966-06-01,"Drawings",17,2360
"417",1966-10-01,"Drawings",30,2390
"418",1966-11-01,"Drawings",16,2406
"419",1966-12-01,"Drawings",15,2421
"420",1967-01-01,"Drawings",7,2428
"421",1967-02-01,"Drawings",26,2454
"422",1967-04-01,"Drawings",11,2465
"423",1967-05-01,"Drawings",6,2471
"424",1967-06-01,"Drawings",61,2532
"425",1967-10-01,"Drawings",42,2574
"426",1967-12-01,"Drawings",69,2643
"427",1968-01-01,"Drawings",1,2644
"428",1968-02-01,"Drawings",20,2664
"429",1968-03-01,"Drawings",1,2665
"430",1968-04-01,"Drawings",23,2688
"431",1968-05-01,"Drawings",1,2689
"432",1968-06-01,"Drawings",10,2699
"433",1968-10-01,"Drawings",141,2840
"434",1968-12-01,"Drawings",66,2906
"435",1969-01-01,"Drawings",1,2907
"436",1969-02-01,"Drawings",22,2929
"437",1969-04-01,"Drawings",29,2958
"438",1969-05-01,"Drawings",13,2971
"439",1969-06-01,"Drawings",2,2973
"440",1969-07-01,"Drawings",2,2975
"441",1969-10-01,"Drawings",45,3020
"442",1969-11-01,"Drawings",1,3021
"443",1969-12-01,"Drawings",21,3042
"444",1970-02-01,"Drawings",3,3045
"445",1970-03-01,"Drawings",27,3072
"446",1970-04-01,"Drawings",3,3075
"447",1970-05-01,"Drawings",13,3088
"448",1970-10-01,"Drawings",7,3095
"449",1970-11-01,"Drawings",3,3098
"450",1970-12-01,"Drawings",18,3116
"451",1971-03-01,"Drawings",52,3168
"452",1971-04-01,"Drawings",3,3171
"453",1971-05-01,"Drawings",15,3186
"454",1971-10-01,"Drawings",11,3197
"455",1971-12-01,"Drawings",11,3208
"456",1972-02-01,"Drawings",10,3218
"457",1972-05-01,"Drawings",22,3240
"458",1972-06-01,"Drawings",1,3241
"459",1972-10-01,"Drawings",19,3260
"460",1972-11-01,"Drawings",3,3263
"461",1972-12-01,"Drawings",4,3267
"462",1973-01-01,"Drawings",1,3268
"463",1973-03-01,"Drawings",43,3311
"464",1973-05-01,"Drawings",25,3336
"465",1973-10-01,"Drawings",24,3360
"466",1974-02-01,"Drawings",34,3394
"467",1974-05-01,"Drawings",19,3413
"468",1974-10-01,"Drawings",15,3428
"469",1975-01-01,"Drawings",42,3470
"470",1975-10-01,"Drawings",18,3488
"471",1975-11-01,"Drawings",1,3489
"472",1975-12-01,"Drawings",2,3491
"473",1976-03-01,"Drawings",13,3504
"474",1976-06-01,"Drawings",24,3528
"475",1976-10-01,"Drawings",22,3550
"476",1976-12-01,"Drawings",1,3551
"477",1977-02-01,"Drawings",37,3588
"478",1977-03-01,"Drawings",1,3589
"479",1977-04-01,"Drawings",23,3612
"480",1977-05-01,"Drawings",1,3613
"481",1977-06-01,"Drawings",16,3629
"482",1977-11-01,"Drawings",64,3693
"483",1978-03-01,"Drawings",1,3694
"484",1978-04-01,"Drawings",238,3932
"485",1978-06-01,"Drawings",1,3933
"486",1978-10-01,"Drawings",86,4019
"487",1979-05-01,"Drawings",76,4095
"488",1979-10-01,"Drawings",32,4127
"489",1979-12-01,"Drawings",1,4128
"490",1980-01-01,"Drawings",31,4159
"491",1980-05-01,"Drawings",21,4180
"492",1980-12-01,"Drawings",22,4202
"493",1981-04-01,"Drawings",75,4277
"494",1981-11-01,"Drawings",26,4303
"495",1982-06-01,"Drawings",18,4321
"496",1982-11-01,"Drawings",23,4344
"497",1983-01-01,"Drawings",8,4352
"498",1983-03-01,"Drawings",64,4416
"499",1983-04-01,"Drawings",2,4418
"500",1983-11-01,"Drawings",31,4449
"501",1984-04-01,"Drawings",48,4497
"502",1984-11-01,"Drawings",61,4558
"503",1985-03-01,"Drawings",18,4576
"504",1985-09-01,"Drawings",148,4724
"505",1986-02-01,"Drawings",22,4746
"506",1986-05-01,"Drawings",1,4747
"507",1986-06-01,"Drawings",1,4748
"508",1986-12-01,"Drawings",36,4784
"509",1987-04-01,"Drawings",18,4802
"510",1987-09-01,"Drawings",27,4829
"511",1988-02-01,"Drawings",52,4881
"512",1988-05-01,"Drawings",35,4916
"513",1988-10-01,"Drawings",8,4924
"514",1989-05-01,"Drawings",1,4925
"515",1989-11-01,"Drawings",72,4997
"516",1990-05-01,"Drawings",22,5019
"517",1990-10-01,"Drawings",25,5044
"518",1990-12-01,"Drawings",15,5059
"519",1991-01-01,"Drawings",8,5067
"520",1991-04-01,"Drawings",2,5069
"521",1991-05-01,"Drawings",37,5106
"522",1991-12-01,"Drawings",11,5117
"523",1992-05-01,"Drawings",10,5127
"524",1992-06-01,"Drawings",7,5134
"525",1992-11-01,"Drawings",65,5199
"526",1992-12-01,"Drawings",5,5204
"527",1993-05-01,"Drawings",17,5221
"528",1993-12-01,"Drawings",5,5226
"529",1994-10-01,"Drawings",9,5235
"530",1995-06-01,"Drawings",43,5278
"531",1995-10-01,"Drawings",4,5282
"532",1996-02-01,"Drawings",2,5284
"533",1996-03-01,"Drawings",36,5320
"534",1996-05-01,"Drawings",30,5350
"535",1996-10-01,"Drawings",25,5375
"536",1996-11-01,"Drawings",1,5376
"537",1997-01-01,"Drawings",8,5384
"538",1997-02-01,"Drawings",2,5386
"539",1997-04-01,"Drawings",31,5417
"540",1997-10-01,"Drawings",19,5436
"541",1998-01-01,"Drawings",2,5438
"542",1998-02-01,"Drawings",17,5455
"543",1998-04-01,"Drawings",21,5476
"544",1998-10-01,"Drawings",16,5492
"545",1999-02-01,"Drawings",30,5522
"546",1999-05-01,"Drawings",24,5546
"547",1999-10-01,"Drawings",40,5586
"548",2000-02-01,"Drawings",19,5605
"549",2000-05-01,"Drawings",56,5661
"550",2000-10-01,"Drawings",5,5666
"551",2000-12-01,"Drawings",30,5696
"552",2001-02-01,"Drawings",115,5811
"553",2001-05-01,"Drawings",52,5863
"554",2001-10-01,"Drawings",119,5982
"555",2001-12-01,"Drawings",40,6022
"556",2002-02-01,"Drawings",1,6023
"557",2002-04-01,"Drawings",15,6038
"558",2002-10-01,"Drawings",24,6062
"559",2002-12-01,"Drawings",171,6233
"560",2003-02-01,"Drawings",23,6256
"561",2003-05-01,"Drawings",26,6282
"562",2003-10-01,"Drawings",11,6293
"563",2003-12-01,"Drawings",18,6311
"564",2004-02-01,"Drawings",54,6365
"565",2004-05-01,"Drawings",122,6487
"566",2004-10-01,"Drawings",4,6491
"567",2005-02-01,"Drawings",86,6577
"568",2005-05-01,"Drawings",2607,9184
"569",2005-10-01,"Drawings",56,9240
"570",2006-02-01,"Drawings",22,9262
"571",2006-05-01,"Drawings",24,9286
"572",2006-10-01,"Drawings",27,9313
"573",2006-12-01,"Drawings",12,9325
"574",2007-04-01,"Drawings",31,9356
"575",2007-10-01,"Drawings",115,9471
"576",2007-12-01,"Drawings",41,9512
"577",2008-02-01,"Drawings",32,9544
"578",2008-04-01,"Drawings",38,9582
"579",2008-11-01,"Drawings",105,9687
"580",2009-02-01,"Drawings",31,9718
"581",2009-05-01,"Drawings",7,9725
"582",2009-10-01,"Drawings",136,9861
"583",2010-02-01,"Drawings",49,9910
"584",2010-05-01,"Drawings",58,9968
"585",2010-09-01,"Drawings",29,9997
"586",2010-10-01,"Drawings",106,10103
"587",2010-11-01,"Drawings",2,10105
"588",2011-01-01,"Drawings",1,10106
"589",2011-02-01,"Drawings",107,10213
"590",2011-05-01,"Drawings",79,10292
"591",2011-09-01,"Drawings",46,10338
"592",2011-12-01,"Drawings",5,10343
"593",2012-02-01,"Drawings",106,10449
"594",2012-04-01,"Drawings",35,10484
"595",2012-06-01,"Drawings",5,10489
"596",2012-10-01,"Drawings",21,10510
"597",2013-02-01,"Drawings",59,10569
"598",2013-05-01,"Drawings",23,10592
"599",2013-10-01,"Drawings",13,10605
"600",2014-02-01,"Drawings",23,10628
"601",2014-05-01,"Drawings",22,10650
"602",2014-10-01,"Drawings",33,10683
"603",2014-12-01,"Drawings",23,10706
"604",2015-04-01,"Drawings",7,10713
"605",2015-06-01,"Drawings",42,10755
"606",2015-10-01,"Drawings",22,10777
"607",2016-01-01,"Drawings",86,10863
"608",2016-04-01,"Drawings",35,10898
"609",NA,"Drawings",36,10934
"610",1935-01-01,"Film",4,4
"611",1936-01-01,"Film",4,8
"612",1936-05-01,"Film",1,9
"613",1936-10-01,"Film",1,10
"614",1937-01-01,"Film",3,13
"615",1938-01-01,"Film",10,23
"616",1938-12-01,"Film",1,24
"617",1939-01-01,"Film",15,39
"618",1939-11-01,"Film",1,40
"619",1940-01-01,"Film",5,45
"620",1940-05-01,"Film",3,48
"621",1941-10-01,"Film",1,49
"622",1942-09-01,"Film",1,50
"623",1944-01-01,"Film",1,51
"624",1947-01-01,"Film",1,52
"625",1952-01-01,"Film",1,53
"626",1953-01-01,"Film",2,55
"627",1954-05-01,"Film",1,56
"628",1955-01-01,"Film",1,57
"629",1956-01-01,"Film",2,59
"630",1956-04-01,"Film",1,60
"631",1958-04-01,"Film",1,61
"632",1968-05-01,"Film",1,62
"633",1969-01-01,"Film",3,65
"634",1969-12-01,"Film",1,66
"635",1970-01-01,"Film",5,71
"636",1970-05-01,"Film",2,73
"637",1970-10-01,"Film",1,74
"638",1971-01-01,"Film",4,78
"639",1971-06-01,"Film",1,79
"640",1972-01-01,"Film",2,81
"641",1972-03-01,"Film",1,82
"642",1972-08-01,"Film",3,85
"643",1972-12-01,"Film",1,86
"644",1973-08-01,"Film",1,87
"645",1974-02-01,"Film",1,88
"646",1974-07-01,"Film",1,89
"647",1975-01-01,"Film",1,90
"648",1976-01-01,"Film",1,91
"649",1976-06-01,"Film",1,92
"650",1977-01-01,"Film",3,95
"651",1977-08-01,"Film",1,96
"652",1977-09-01,"Film",1,97
"653",1978-02-01,"Film",1,98
"654",1978-06-01,"Film",3,101
"655",1979-01-01,"Film",1,102
"656",1979-02-01,"Film",1,103
"657",1979-09-01,"Film",1,104
"658",1979-12-01,"Film",1,105
"659",1980-01-01,"Film",1,106
"660",1980-10-01,"Film",1,107
"661",1981-03-01,"Film",1,108
"662",1981-12-01,"Film",1,109
"663",1983-03-01,"Film",3,112
"664",1984-10-01,"Film",1,113
"665",1985-05-01,"Film",1,114
"666",1986-01-01,"Film",2,116
"667",1986-05-01,"Film",1,117
"668",1988-03-01,"Film",1,118
"669",1988-07-01,"Film",2,120
"670",1988-08-01,"Film",1,121
"671",1988-10-01,"Film",1,122
"672",1989-01-01,"Film",1,123
"673",1989-02-01,"Film",3,126
"674",1989-03-01,"Film",2,128
"675",1989-07-01,"Film",1,129
"676",1989-11-01,"Film",1,130
"677",1989-12-01,"Film",1,131
"678",1990-04-01,"Film",1,132
"679",1990-05-01,"Film",1,133
"680",1990-09-01,"Film",1,134
"681",1991-01-01,"Film",2,136
"682",1991-05-01,"Film",1,137
"683",1991-06-01,"Film",4,141
"684",1991-08-01,"Film",1,142
"685",1992-02-01,"Film",1,143
"686",1992-07-01,"Film",1,144
"687",1992-11-01,"Film",2,146
"688",1992-12-01,"Film",1,147
"689",1993-01-01,"Film",1,148
"690",1993-06-01,"Film",1,149
"691",1994-01-01,"Film",1,150
"692",1995-07-01,"Film",6,156
"693",1995-09-01,"Film",1,157
"694",1995-10-01,"Film",1,158
"695",1997-01-01,"Film",1,159
"696",1997-02-01,"Film",1,160
"697",1997-03-01,"Film",1,161
"698",1997-12-01,"Film",1,162
"699",1998-03-01,"Film",1,163
"700",1998-04-01,"Film",1,164
"701",1998-05-01,"Film",1,165
"702",1999-02-01,"Film",4,169
"703",1999-03-01,"Film",2,171
"704",1999-04-01,"Film",3,174
"705",1999-05-01,"Film",1,175
"706",1999-09-01,"Film",1,176
"707",1999-12-01,"Film",1,177
"708",2000-02-01,"Film",1,178
"709",2000-03-01,"Film",1,179
"710",2000-12-01,"Film",1,180
"711",2001-01-01,"Film",1,181
"712",2001-05-01,"Film",1,182
"713",2001-08-01,"Film",1,183
"714",2001-09-01,"Film",1,184
"715",2002-01-01,"Film",2,186
"716",2002-02-01,"Film",2,188
"717",2002-03-01,"Film",4,192
"718",2002-04-01,"Film",8,200
"719",2002-05-01,"Film",116,316
"720",2002-06-01,"Film",3,319
"721",2002-07-01,"Film",113,432
"722",2002-08-01,"Film",4,436
"723",2002-10-01,"Film",35,471
"724",2002-11-01,"Film",7,478
"725",2002-12-01,"Film",1,479
"726",2003-01-01,"Film",4,483
"727",2003-02-01,"Film",5,488
"728",2003-03-01,"Film",8,496
"729",2003-04-01,"Film",8,504
"730",2003-05-01,"Film",25,529
"731",2003-06-01,"Film",3,532
"732",2003-07-01,"Film",3,535
"733",2003-09-01,"Film",1,536
"734",2003-10-01,"Film",1,537
"735",2004-01-01,"Film",2,539
"736",2004-04-01,"Film",1,540
"737",2004-11-01,"Film",1,541
"738",2005-01-01,"Film",4,545
"739",2005-03-01,"Film",1,546
"740",2005-04-01,"Film",4,550
"741",2005-05-01,"Film",3,553
"742",2005-06-01,"Film",12,565
"743",2005-07-01,"Film",94,659
"744",2005-08-01,"Film",1,660
"745",2005-09-01,"Film",3,663
"746",2005-12-01,"Film",2,665
"747",2006-01-01,"Film",1,666
"748",2006-02-01,"Film",1,667
"749",2006-03-01,"Film",8,675
"750",2006-04-01,"Film",2,677
"751",2006-05-01,"Film",1,678
"752",2006-08-01,"Film",2,680
"753",2006-12-01,"Film",2,682
"754",2007-01-01,"Film",5,687
"755",2007-02-01,"Film",1,688
"756",2007-05-01,"Film",1,689
"757",2007-06-01,"Film",1,690
"758",2007-07-01,"Film",5,695
"759",2007-11-01,"Film",60,755
"760",2008-03-01,"Film",73,828
"761",2008-06-01,"Film",18,846
"762",2008-12-01,"Film",37,883
"763",2009-03-01,"Film",15,898
"764",2009-05-01,"Film",22,920
"765",2009-09-01,"Film",46,966
"766",2009-10-01,"Film",1,967
"767",2009-12-01,"Film",9,976
"768",2010-01-01,"Film",1,977
"769",2010-03-01,"Film",11,988
"770",2010-06-01,"Film",19,1007
"771",2010-07-01,"Film",1,1008
"772",2010-10-01,"Film",33,1041
"773",2010-12-01,"Film",3,1044
"774",2011-01-01,"Film",4,1048
"775",2011-03-01,"Film",44,1092
"776",2011-05-01,"Film",51,1143
"777",2011-06-01,"Film",1,1144
"778",2011-09-01,"Film",1,1145
"779",2011-10-01,"Film",61,1206
"780",2012-01-01,"Film",3,1209
"781",2012-02-01,"Film",103,1312
"782",2012-04-01,"Film",487,1799
"783",2012-07-01,"Film",1,1800
"784",2012-10-01,"Film",89,1889
"785",2013-01-01,"Film",1,1890
"786",2013-02-01,"Film",30,1920
"787",2013-05-01,"Film",141,2061
"788",2013-06-01,"Film",1,2062
"789",2013-10-01,"Film",85,2147
"790",2013-11-01,"Film",2,2149
"791",2014-02-01,"Film",76,2225
"792",2014-05-01,"Film",15,2240
"793",2014-10-01,"Film",18,2258
"794",2015-02-01,"Film",15,2273
"795",2015-05-01,"Film",40,2313
"796",2015-10-01,"Film",71,2384
"797",2016-02-01,"Film",56,2440
"798",2016-05-01,"Film",58,2498
"799",NA,"Film",342,2840
"800",2008-10-01,"Fluxus Collection",2170,2170
"801",1975-05-01,"Media and Performance Art",26,26
"802",1976-01-01,"Media and Performance Art",2,28
"803",1976-06-01,"Media and Performance Art",1,29
"804",1976-07-01,"Media and Performance Art",2,31
"805",1976-08-01,"Media and Performance Art",1,32
"806",1976-11-01,"Media and Performance Art",2,34
"807",1979-01-01,"Media and Performance Art",3,37
"808",1979-02-01,"Media and Performance Art",11,48
"809",1979-03-01,"Media and Performance Art",2,50
"810",1979-04-01,"Media and Performance Art",8,58
"811",1979-06-01,"Media and Performance Art",3,61
"812",1979-09-01,"Media and Performance Art",4,65
"813",1979-12-01,"Media and Performance Art",1,66
"814",1980-01-01,"Media and Performance Art",2,68
"815",1980-03-01,"Media and Performance Art",1,69
"816",1980-05-01,"Media and Performance Art",3,72
"817",1980-11-01,"Media and Performance Art",9,81
"818",1981-01-01,"Media and Performance Art",1,82
"819",1981-03-01,"Media and Performance Art",3,85
"820",1981-04-01,"Media and Performance Art",2,87
"821",1981-05-01,"Media and Performance Art",1,88
"822",1981-10-01,"Media and Performance Art",2,90
"823",1981-11-01,"Media and Performance Art",14,104
"824",1982-01-01,"Media and Performance Art",3,107
"825",1982-10-01,"Media and Performance Art",15,122
"826",1982-11-01,"Media and Performance Art",2,124
"827",1983-03-01,"Media and Performance Art",2,126
"828",1983-05-01,"Media and Performance Art",1,127
"829",1983-06-01,"Media and Performance Art",6,133
"830",1983-07-01,"Media and Performance Art",3,136
"831",1983-09-01,"Media and Performance Art",1,137
"832",1983-10-01,"Media and Performance Art",1,138
"833",1984-01-01,"Media and Performance Art",1,139
"834",1984-06-01,"Media and Performance Art",2,141
"835",1984-07-01,"Media and Performance Art",13,154
"836",1984-09-01,"Media and Performance Art",43,197
"837",1984-12-01,"Media and Performance Art",3,200
"838",1985-01-01,"Media and Performance Art",2,202
"839",1985-02-01,"Media and Performance Art",1,203
"840",1985-04-01,"Media and Performance Art",1,204
"841",1985-09-01,"Media and Performance Art",2,206
"842",1985-10-01,"Media and Performance Art",1,207
"843",1985-11-01,"Media and Performance Art",1,208
"844",1985-12-01,"Media and Performance Art",6,214
"845",1986-01-01,"Media and Performance Art",45,259
"846",1986-03-01,"Media and Performance Art",4,263
"847",1986-07-01,"Media and Performance Art",1,264
"848",1986-08-01,"Media and Performance Art",3,267
"849",1986-09-01,"Media and Performance Art",2,269
"850",1986-10-01,"Media and Performance Art",1,270
"851",1986-11-01,"Media and Performance Art",5,275
"852",1986-12-01,"Media and Performance Art",1,276
"853",1987-01-01,"Media and Performance Art",1,277
"854",1987-04-01,"Media and Performance Art",1,278
"855",1987-07-01,"Media and Performance Art",15,293
"856",1988-01-01,"Media and Performance Art",6,299
"857",1988-06-01,"Media and Performance Art",1,300
"858",1988-08-01,"Media and Performance Art",1,301
"859",1988-09-01,"Media and Performance Art",9,310
"860",1988-10-01,"Media and Performance Art",2,312
"861",1988-12-01,"Media and Performance Art",17,329
"862",1989-01-01,"Media and Performance Art",3,332
"863",1989-02-01,"Media and Performance Art",1,333
"864",1989-06-01,"Media and Performance Art",1,334
"865",1989-07-01,"Media and Performance Art",1,335
"866",1989-12-01,"Media and Performance Art",4,339
"867",1990-01-01,"Media and Performance Art",1,340
"868",1990-04-01,"Media and Performance Art",7,347
"869",1990-09-01,"Media and Performance Art",8,355
"870",1990-10-01,"Media and Performance Art",2,357
"871",1991-04-01,"Media and Performance Art",6,363
"872",1991-05-01,"Media and Performance Art",2,365
"873",1991-07-01,"Media and Performance Art",2,367
"874",1991-11-01,"Media and Performance Art",2,369
"875",1992-01-01,"Media and Performance Art",2,371
"876",1992-02-01,"Media and Performance Art",9,380
"877",1992-04-01,"Media and Performance Art",1,381
"878",1992-06-01,"Media and Performance Art",1,382
"879",1992-11-01,"Media and Performance Art",2,384
"880",1992-12-01,"Media and Performance Art",3,387
"881",1993-01-01,"Media and Performance Art",1,388
"882",1993-06-01,"Media and Performance Art",2,390
"883",1993-07-01,"Media and Performance Art",1,391
"884",1993-08-01,"Media and Performance Art",1,392
"885",1993-09-01,"Media and Performance Art",11,403
"886",1993-10-01,"Media and Performance Art",20,423
"887",1993-12-01,"Media and Performance Art",1,424
"888",1994-03-01,"Media and Performance Art",3,427
"889",1994-04-01,"Media and Performance Art",4,431
"890",1994-05-01,"Media and Performance Art",16,447
"891",1994-06-01,"Media and Performance Art",1,448
"892",1994-07-01,"Media and Performance Art",5,453
"893",1994-08-01,"Media and Performance Art",4,457
"894",1994-09-01,"Media and Performance Art",18,475
"895",1994-11-01,"Media and Performance Art",14,489
"896",1994-12-01,"Media and Performance Art",4,493
"897",1995-01-01,"Media and Performance Art",1,494
"898",1995-07-01,"Media and Performance Art",1,495
"899",1995-08-01,"Media and Performance Art",4,499
"900",1997-01-01,"Media and Performance Art",1,500
"901",1997-06-01,"Media and Performance Art",3,503
"902",1997-07-01,"Media and Performance Art",61,564
"903",1997-08-01,"Media and Performance Art",1,565
"904",1997-12-01,"Media and Performance Art",5,570
"905",1998-01-01,"Media and Performance Art",10,580
"906",1998-03-01,"Media and Performance Art",2,582
"907",1998-04-01,"Media and Performance Art",6,588
"908",1998-05-01,"Media and Performance Art",22,610
"909",1998-12-01,"Media and Performance Art",1,611
"910",1999-01-01,"Media and Performance Art",5,616
"911",1999-03-01,"Media and Performance Art",121,737
"912",1999-06-01,"Media and Performance Art",10,747
"913",1999-08-01,"Media and Performance Art",11,758
"914",1999-09-01,"Media and Performance Art",2,760
"915",1999-10-01,"Media and Performance Art",2,762
"916",1999-11-01,"Media and Performance Art",2,764
"917",2000-01-01,"Media and Performance Art",26,790
"918",2000-03-01,"Media and Performance Art",2,792
"919",2000-04-01,"Media and Performance Art",2,794
"920",2000-05-01,"Media and Performance Art",6,800
"921",2000-08-01,"Media and Performance Art",17,817
"922",2000-10-01,"Media and Performance Art",37,854
"923",2000-11-01,"Media and Performance Art",9,863
"924",2000-12-01,"Media and Performance Art",7,870
"925",2001-01-01,"Media and Performance Art",2,872
"926",2001-03-01,"Media and Performance Art",1,873
"927",2001-04-01,"Media and Performance Art",5,878
"928",2001-05-01,"Media and Performance Art",1,879
"929",2001-07-01,"Media and Performance Art",1,880
"930",2002-01-01,"Media and Performance Art",1,881
"931",2002-05-01,"Media and Performance Art",1,882
"932",2002-06-01,"Media and Performance Art",4,886
"933",2002-07-01,"Media and Performance Art",1,887
"934",2003-03-01,"Media and Performance Art",9,896
"935",2003-04-01,"Media and Performance Art",5,901
"936",2003-05-01,"Media and Performance Art",2,903
"937",2003-06-01,"Media and Performance Art",1,904
"938",2003-07-01,"Media and Performance Art",20,924
"939",2003-10-01,"Media and Performance Art",1,925
"940",2003-11-01,"Media and Performance Art",1,926
"941",2004-01-01,"Media and Performance Art",2,928
"942",2004-02-01,"Media and Performance Art",1,929
"943",2004-03-01,"Media and Performance Art",7,936
"944",2004-04-01,"Media and Performance Art",2,938
"945",2004-06-01,"Media and Performance Art",1,939
"946",2004-07-01,"Media and Performance Art",1,940
"947",2004-08-01,"Media and Performance Art",1,941
"948",2004-09-01,"Media and Performance Art",1,942
"949",2004-10-01,"Media and Performance Art",1,943
"950",2004-11-01,"Media and Performance Art",1,944
"951",2004-12-01,"Media and Performance Art",18,962
"952",2005-04-01,"Media and Performance Art",4,966
"953",2005-05-01,"Media and Performance Art",1,967
"954",2005-06-01,"Media and Performance Art",3,970
"955",2005-07-01,"Media and Performance Art",24,994
"956",2005-08-01,"Media and Performance Art",17,1011
"957",2005-09-01,"Media and Performance Art",1,1012
"958",2005-10-01,"Media and Performance Art",12,1024
"959",2005-11-01,"Media and Performance Art",5,1029
"960",2005-12-01,"Media and Performance Art",1,1030
"961",2006-01-01,"Media and Performance Art",2,1032
"962",2006-03-01,"Media and Performance Art",1,1033
"963",2006-04-01,"Media and Performance Art",3,1036
"964",2006-05-01,"Media and Performance Art",2,1038
"965",2006-06-01,"Media and Performance Art",6,1044
"966",2006-07-01,"Media and Performance Art",5,1049
"967",2006-12-01,"Media and Performance Art",2,1051
"968",2007-04-01,"Media and Performance Art",165,1216
"969",2007-09-01,"Media and Performance Art",22,1238
"970",2007-12-01,"Media and Performance Art",242,1480
"971",2008-03-01,"Media and Performance Art",177,1657
"972",2008-06-01,"Media and Performance Art",44,1701
"973",2008-10-01,"Media and Performance Art",36,1737
"974",2009-01-01,"Media and Performance Art",22,1759
"975",2009-04-01,"Media and Performance Art",9,1768
"976",2009-11-01,"Media and Performance Art",23,1791
"977",2010-05-01,"Media and Performance Art",3,1794
"978",2011-01-01,"Media and Performance Art",41,1835
"979",2011-03-01,"Media and Performance Art",24,1859
"980",2011-05-01,"Media and Performance Art",87,1946
"981",2011-09-01,"Media and Performance Art",1,1947
"982",2011-12-01,"Media and Performance Art",25,1972
"983",2012-02-01,"Media and Performance Art",76,2048
"984",2012-04-01,"Media and Performance Art",29,2077
"985",2012-06-01,"Media and Performance Art",32,2109
"986",2012-10-01,"Media and Performance Art",2,2111
"987",2012-11-01,"Media and Performance Art",1,2112
"988",2013-02-01,"Media and Performance Art",48,2160
"989",2013-05-01,"Media and Performance Art",8,2168
"990",2013-10-01,"Media and Performance Art",8,2176
"991",2013-12-01,"Media and Performance Art",14,2190
"992",2014-02-01,"Media and Performance Art",15,2205
"993",2014-05-01,"Media and Performance Art",21,2226
"994",2014-10-01,"Media and Performance Art",9,2235
"995",2014-12-01,"Media and Performance Art",20,2255
"996",2015-03-01,"Media and Performance Art",139,2394
"997",2015-05-01,"Media and Performance Art",13,2407
"998",2015-12-01,"Media and Performance Art",88,2495
"999",2016-05-01,"Media and Performance Art",48,2543
"1000",NA,"Media and Performance Art",60,2603
"1001",1930-01-01,"Painting & Sculpture",2,2
"1002",1930-04-01,"Painting & Sculpture",2,4
"1003",1930-10-01,"Painting & Sculpture",1,5
"1004",1931-01-01,"Painting & Sculpture",1,6
"1005",1931-03-01,"Painting & Sculpture",1,7
"1006",1932-06-01,"Painting & Sculpture",1,8
"1007",1933-03-01,"Painting & Sculpture",1,9
"1008",1933-05-01,"Painting & Sculpture",1,10
"1009",1934-01-01,"Painting & Sculpture",1,11
"1010",1934-04-01,"Painting & Sculpture",1,12
"1011",1934-05-01,"Painting & Sculpture",3,15
"1012",1934-07-01,"Painting & Sculpture",1,16
"1013",1934-09-01,"Painting & Sculpture",11,27
"1014",1934-12-01,"Painting & Sculpture",3,30
"1015",1935-06-01,"Painting & Sculpture",14,44
"1016",1935-09-01,"Painting & Sculpture",5,49
"1017",1935-11-01,"Painting & Sculpture",2,51
"1018",1935-12-01,"Painting & Sculpture",1,52
"1019",1936-01-01,"Painting & Sculpture",6,58
"1020",1936-02-01,"Painting & Sculpture",1,59
"1021",1936-04-01,"Painting & Sculpture",1,60
"1022",1936-10-01,"Painting & Sculpture",3,63
"1023",1936-12-01,"Painting & Sculpture",14,77
"1024",1937-01-01,"Painting & Sculpture",1,78
"1025",1937-02-01,"Painting & Sculpture",1,79
"1026",1937-05-01,"Painting & Sculpture",9,88
"1027",1937-09-01,"Painting & Sculpture",1,89
"1028",1937-12-01,"Painting & Sculpture",24,113
"1029",1938-02-01,"Painting & Sculpture",3,116
"1030",1938-10-01,"Painting & Sculpture",12,128
"1031",1938-11-01,"Painting & Sculpture",1,129
"1032",1939-01-01,"Painting & Sculpture",6,135
"1033",1939-02-01,"Painting & Sculpture",1,136
"1034",1939-03-01,"Painting & Sculpture",1,137
"1035",1939-04-01,"Painting & Sculpture",11,148
"1036",1939-05-01,"Painting & Sculpture",3,151
"1037",1939-08-01,"Painting & Sculpture",1,152
"1038",1939-11-01,"Painting & Sculpture",2,154
"1039",1939-12-01,"Painting & Sculpture",34,188
"1040",1940-04-01,"Painting & Sculpture",8,196
"1041",1940-05-01,"Painting & Sculpture",5,201
"1042",1940-09-01,"Painting & Sculpture",8,209
"1043",1941-01-01,"Painting & Sculpture",16,225
"1044",1941-03-01,"Painting & Sculpture",11,236
"1045",1941-06-01,"Painting & Sculpture",12,248
"1046",1941-10-01,"Painting & Sculpture",1,249
"1047",1941-12-01,"Painting & Sculpture",10,259
"1048",1942-01-01,"Painting & Sculpture",38,297
"1049",1942-03-01,"Painting & Sculpture",11,308
"1050",1942-04-01,"Painting & Sculpture",1,309
"1051",1942-05-01,"Painting & Sculpture",3,312
"1052",1942-07-01,"Painting & Sculpture",5,317
"1053",1942-11-01,"Painting & Sculpture",1,318
"1054",1942-12-01,"Painting & Sculpture",18,336
"1055",1943-02-01,"Painting & Sculpture",8,344
"1056",1943-05-01,"Painting & Sculpture",9,353
"1057",1943-07-01,"Painting & Sculpture",5,358
"1058",1943-11-01,"Painting & Sculpture",10,368
"1059",1943-12-01,"Painting & Sculpture",5,373
"1060",1944-03-01,"Painting & Sculpture",7,380
"1061",1944-05-01,"Painting & Sculpture",6,386
"1062",1944-09-01,"Painting & Sculpture",2,388
"1063",1944-11-01,"Painting & Sculpture",4,392
"1064",1945-01-01,"Painting & Sculpture",2,394
"1065",1945-03-01,"Painting & Sculpture",3,397
"1066",1945-04-01,"Painting & Sculpture",2,399
"1067",1945-06-01,"Painting & Sculpture",3,402
"1068",1945-12-01,"Painting & Sculpture",8,410
"1069",1946-05-01,"Painting & Sculpture",8,418
"1070",1946-11-01,"Painting & Sculpture",1,419
"1071",1947-03-01,"Painting & Sculpture",4,423
"1072",1947-06-01,"Painting & Sculpture",5,428
"1073",1947-10-01,"Painting & Sculpture",6,434
"1074",1947-12-01,"Painting & Sculpture",4,438
"1075",1948-03-01,"Painting & Sculpture",1,439
"1076",1948-10-01,"Painting & Sculpture",20,459
"1077",1949-02-01,"Painting & Sculpture",8,467
"1078",1949-03-01,"Painting & Sculpture",3,470
"1079",1949-05-01,"Painting & Sculpture",14,484
"1080",1949-09-01,"Painting & Sculpture",11,495
"1081",1949-11-01,"Painting & Sculpture",1,496
"1082",1950-01-01,"Painting & Sculpture",13,509
"1083",1950-02-01,"Painting & Sculpture",1,510
"1084",1950-04-01,"Painting & Sculpture",8,518
"1085",1950-10-01,"Painting & Sculpture",7,525
"1086",1950-11-01,"Painting & Sculpture",1,526
"1087",1951-01-01,"Painting & Sculpture",16,542
"1088",1951-05-01,"Painting & Sculpture",11,553
"1089",1951-09-01,"Painting & Sculpture",1,554
"1090",1951-11-01,"Painting & Sculpture",9,563
"1091",1951-12-01,"Painting & Sculpture",1,564
"1092",1952-01-01,"Painting & Sculpture",8,572
"1093",1952-03-01,"Painting & Sculpture",2,574
"1094",1952-05-01,"Painting & Sculpture",7,581
"1095",1952-10-01,"Painting & Sculpture",11,592
"1096",1952-11-01,"Painting & Sculpture",2,594
"1097",1952-12-01,"Painting & Sculpture",3,597
"1098",1953-01-01,"Painting & Sculpture",10,607
"1099",1953-04-01,"Painting & Sculpture",17,624
"1100",1953-06-01,"Painting & Sculpture",5,629
"1101",1953-11-01,"Painting & Sculpture",6,635
"1102",1953-12-01,"Painting & Sculpture",4,639
"1103",1954-01-01,"Painting & Sculpture",6,645
"1104",1954-04-01,"Painting & Sculpture",9,654
"1105",1954-06-01,"Painting & Sculpture",3,657
"1106",1954-09-01,"Painting & Sculpture",7,664
"1107",1954-12-01,"Painting & Sculpture",11,675
"1108",1955-01-01,"Painting & Sculpture",1,676
"1109",1955-04-01,"Painting & Sculpture",15,691
"1110",1955-06-01,"Painting & Sculpture",11,702
"1111",1955-10-01,"Painting & Sculpture",7,709
"1112",1955-11-01,"Painting & Sculpture",18,727
"1113",1955-12-01,"Painting & Sculpture",3,730
"1114",1956-01-01,"Painting & Sculpture",2,732
"1115",1956-02-01,"Painting & Sculpture",1,733
"1116",1956-03-01,"Painting & Sculpture",8,741
"1117",1956-04-01,"Painting & Sculpture",11,752
"1118",1956-05-01,"Painting & Sculpture",6,758
"1119",1956-06-01,"Painting & Sculpture",5,763
"1120",1956-10-01,"Painting & Sculpture",21,784
"1121",1956-11-01,"Painting & Sculpture",3,787
"1122",1956-12-01,"Painting & Sculpture",8,795
"1123",1957-02-01,"Painting & Sculpture",7,802
"1124",1957-05-01,"Painting & Sculpture",4,806
"1125",1957-10-01,"Painting & Sculpture",7,813
"1126",1957-12-01,"Painting & Sculpture",9,822
"1127",1958-02-01,"Painting & Sculpture",11,833
"1128",1958-04-01,"Painting & Sculpture",6,839
"1129",1958-10-01,"Painting & Sculpture",28,867
"1130",1958-12-01,"Painting & Sculpture",7,874
"1131",1959-03-01,"Painting & Sculpture",21,895
"1132",1959-04-01,"Painting & Sculpture",20,915
"1133",1959-06-01,"Painting & Sculpture",3,918
"1134",1959-09-01,"Painting & Sculpture",6,924
"1135",1959-10-01,"Painting & Sculpture",6,930
"1136",1959-12-01,"Painting & Sculpture",7,937
"1137",1960-02-01,"Painting & Sculpture",11,948
"1138",1960-04-01,"Painting & Sculpture",10,958
"1139",1960-05-01,"Painting & Sculpture",18,976
"1140",1960-11-01,"Painting & Sculpture",16,992
"1141",1960-12-01,"Painting & Sculpture",1,993
"1142",1961-01-01,"Painting & Sculpture",10,1003
"1143",1961-02-01,"Painting & Sculpture",7,1010
"1144",1961-03-01,"Painting & Sculpture",4,1014
"1145",1961-04-01,"Painting & Sculpture",12,1026
"1146",1961-05-01,"Painting & Sculpture",5,1031
"1147",1961-10-01,"Painting & Sculpture",17,1048
"1148",1961-11-01,"Painting & Sculpture",9,1057
"1149",1961-12-01,"Painting & Sculpture",15,1072
"1150",1962-01-01,"Painting & Sculpture",2,1074
"1151",1962-02-01,"Painting & Sculpture",8,1082
"1152",1962-03-01,"Painting & Sculpture",5,1087
"1153",1962-04-01,"Painting & Sculpture",1,1088
"1154",1962-05-01,"Painting & Sculpture",4,1092
"1155",1962-10-01,"Painting & Sculpture",8,1100
"1156",1962-11-01,"Painting & Sculpture",1,1101
"1157",1962-12-01,"Painting & Sculpture",8,1109
"1158",1963-01-01,"Painting & Sculpture",7,1116
"1159",1963-02-01,"Painting & Sculpture",9,1125
"1160",1963-03-01,"Painting & Sculpture",2,1127
"1161",1963-04-01,"Painting & Sculpture",5,1132
"1162",1963-05-01,"Painting & Sculpture",8,1140
"1163",1963-06-01,"Painting & Sculpture",7,1147
"1164",1963-10-01,"Painting & Sculpture",8,1155
"1165",1963-11-01,"Painting & Sculpture",4,1159
"1166",1963-12-01,"Painting & Sculpture",7,1166
"1167",1964-01-01,"Painting & Sculpture",1,1167
"1168",1964-02-01,"Painting & Sculpture",1,1168
"1169",1964-04-01,"Painting & Sculpture",7,1175
"1170",1964-05-01,"Painting & Sculpture",4,1179
"1171",1964-06-01,"Painting & Sculpture",12,1191
"1172",1964-10-01,"Painting & Sculpture",12,1203
"1173",1964-11-01,"Painting & Sculpture",11,1214
"1174",1964-12-01,"Painting & Sculpture",13,1227
"1175",1965-01-01,"Painting & Sculpture",10,1237
"1176",1965-02-01,"Painting & Sculpture",5,1242
"1177",1965-03-01,"Painting & Sculpture",15,1257
"1178",1965-04-01,"Painting & Sculpture",2,1259
"1179",1965-05-01,"Painting & Sculpture",8,1267
"1180",1965-06-01,"Painting & Sculpture",21,1288
"1181",1965-10-01,"Painting & Sculpture",2,1290
"1182",1965-11-01,"Painting & Sculpture",2,1292
"1183",1965-12-01,"Painting & Sculpture",5,1297
"1184",1966-01-01,"Painting & Sculpture",6,1303
"1185",1966-02-01,"Painting & Sculpture",3,1306
"1186",1966-04-01,"Painting & Sculpture",19,1325
"1187",1966-05-01,"Painting & Sculpture",4,1329
"1188",1966-06-01,"Painting & Sculpture",5,1334
"1189",1966-10-01,"Painting & Sculpture",15,1349
"1190",1966-11-01,"Painting & Sculpture",1,1350
"1191",1966-12-01,"Painting & Sculpture",8,1358
"1192",1967-01-01,"Painting & Sculpture",12,1370
"1193",1967-02-01,"Painting & Sculpture",5,1375
"1194",1967-03-01,"Painting & Sculpture",5,1380
"1195",1967-04-01,"Painting & Sculpture",2,1382
"1196",1967-05-01,"Painting & Sculpture",2,1384
"1197",1967-06-01,"Painting & Sculpture",5,1389
"1198",1967-10-01,"Painting & Sculpture",59,1448
"1199",1967-11-01,"Painting & Sculpture",5,1453
"1200",1967-12-01,"Painting & Sculpture",6,1459
"1201",1968-01-01,"Painting & Sculpture",4,1463
"1202",1968-02-01,"Painting & Sculpture",1,1464
"1203",1968-03-01,"Painting & Sculpture",8,1472
"1204",1968-04-01,"Painting & Sculpture",4,1476
"1205",1968-05-01,"Painting & Sculpture",4,1480
"1206",1968-06-01,"Painting & Sculpture",4,1484
"1207",1968-10-01,"Painting & Sculpture",6,1490
"1208",1968-11-01,"Painting & Sculpture",4,1494
"1209",1968-12-01,"Painting & Sculpture",7,1501
"1210",1969-01-01,"Painting & Sculpture",8,1509
"1211",1969-02-01,"Painting & Sculpture",3,1512
"1212",1969-03-01,"Painting & Sculpture",8,1520
"1213",1969-04-01,"Painting & Sculpture",4,1524
"1214",1969-05-01,"Painting & Sculpture",4,1528
"1215",1969-06-01,"Painting & Sculpture",10,1538
"1216",1969-07-01,"Painting & Sculpture",10,1548
"1217",1969-10-01,"Painting & Sculpture",15,1563
"1218",1969-11-01,"Painting & Sculpture",6,1569
"1219",1969-12-01,"Painting & Sculpture",5,1574
"1220",1970-01-01,"Painting & Sculpture",1,1575
"1221",1970-02-01,"Painting & Sculpture",31,1606
"1222",1970-04-01,"Painting & Sculpture",3,1609
"1223",1970-05-01,"Painting & Sculpture",3,1612
"1224",1970-10-01,"Painting & Sculpture",5,1617
"1225",1970-11-01,"Painting & Sculpture",22,1639
"1226",1970-12-01,"Painting & Sculpture",4,1643
"1227",1971-01-01,"Painting & Sculpture",7,1650
"1228",1971-02-01,"Painting & Sculpture",7,1657
"1229",1971-03-01,"Painting & Sculpture",4,1661
"1230",1971-04-01,"Painting & Sculpture",2,1663
"1231",1971-05-01,"Painting & Sculpture",5,1668
"1232",1971-10-01,"Painting & Sculpture",7,1675
"1233",1971-12-01,"Painting & Sculpture",16,1691
"1234",1972-02-01,"Painting & Sculpture",2,1693
"1235",1972-06-01,"Painting & Sculpture",3,1696
"1236",1972-10-01,"Painting & Sculpture",2,1698
"1237",1972-12-01,"Painting & Sculpture",4,1702
"1238",1973-02-01,"Painting & Sculpture",13,1715
"1239",1973-03-01,"Painting & Sculpture",2,1717
"1240",1973-05-01,"Painting & Sculpture",4,1721
"1241",1973-10-01,"Painting & Sculpture",5,1726
"1242",1973-12-01,"Painting & Sculpture",5,1731
"1243",1974-02-01,"Painting & Sculpture",1,1732
"1244",1974-03-01,"Painting & Sculpture",9,1741
"1245",1974-10-01,"Painting & Sculpture",7,1748
"1246",1974-12-01,"Painting & Sculpture",8,1756
"1247",1975-01-01,"Painting & Sculpture",1,1757
"1248",1975-02-01,"Painting & Sculpture",12,1769
"1249",1975-04-01,"Painting & Sculpture",9,1778
"1250",1975-10-01,"Painting & Sculpture",7,1785
"1251",1975-12-01,"Painting & Sculpture",11,1796
"1252",1976-03-01,"Painting & Sculpture",8,1804
"1253",1976-06-01,"Painting & Sculpture",4,1808
"1254",1976-10-01,"Painting & Sculpture",10,1818
"1255",1976-12-01,"Painting & Sculpture",12,1830
"1256",1977-01-01,"Painting & Sculpture",1,1831
"1257",1977-03-01,"Painting & Sculpture",9,1840
"1258",1977-05-01,"Painting & Sculpture",5,1845
"1259",1977-10-01,"Painting & Sculpture",4,1849
"1260",1977-12-01,"Painting & Sculpture",5,1854
"1261",1978-01-01,"Painting & Sculpture",1,1855
"1262",1978-03-01,"Painting & Sculpture",9,1864
"1263",1978-06-01,"Painting & Sculpture",11,1875
"1264",1978-10-01,"Painting & Sculpture",8,1883
"1265",1978-12-01,"Painting & Sculpture",8,1891
"1266",1979-03-01,"Painting & Sculpture",9,1900
"1267",1979-10-01,"Painting & Sculpture",38,1938
"1268",1979-12-01,"Painting & Sculpture",50,1988
"1269",1980-03-01,"Painting & Sculpture",4,1992
"1270",1980-04-01,"Painting & Sculpture",9,2001
"1271",1980-12-01,"Painting & Sculpture",12,2013
"1272",1981-04-01,"Painting & Sculpture",9,2022
"1273",1981-11-01,"Painting & Sculpture",17,2039
"1274",1982-04-01,"Painting & Sculpture",12,2051
"1275",1982-05-01,"Painting & Sculpture",1,2052
"1276",1982-10-01,"Painting & Sculpture",12,2064
"1277",1982-11-01,"Painting & Sculpture",2,2066
"1278",1983-02-01,"Painting & Sculpture",33,2099
"1279",1983-04-01,"Painting & Sculpture",4,2103
"1280",1983-10-01,"Painting & Sculpture",10,2113
"1281",1983-12-01,"Painting & Sculpture",1,2114
"1282",1984-03-01,"Painting & Sculpture",4,2118
"1283",1984-10-01,"Painting & Sculpture",10,2128
"1284",1984-12-01,"Painting & Sculpture",15,2143
"1285",1985-04-01,"Painting & Sculpture",12,2155
"1286",1985-06-01,"Painting & Sculpture",1,2156
"1287",1985-10-01,"Painting & Sculpture",101,2257
"1288",1986-01-01,"Painting & Sculpture",5,2262
"1289",1986-04-01,"Painting & Sculpture",7,2269
"1290",1986-10-01,"Painting & Sculpture",8,2277
"1291",1986-12-01,"Painting & Sculpture",10,2287
"1292",1987-05-01,"Painting & Sculpture",7,2294
"1293",1987-10-01,"Painting & Sculpture",8,2302
"1294",1987-12-01,"Painting & Sculpture",9,2311
"1295",1988-02-01,"Painting & Sculpture",6,2317
"1296",1988-04-01,"Painting & Sculpture",3,2320
"1297",1988-06-01,"Painting & Sculpture",1,2321
"1298",1988-10-01,"Painting & Sculpture",5,2326
"1299",1988-12-01,"Painting & Sculpture",1,2327
"1300",1989-03-01,"Painting & Sculpture",3,2330
"1301",1989-05-01,"Painting & Sculpture",4,2334
"1302",1989-10-01,"Painting & Sculpture",4,2338
"1303",1989-12-01,"Painting & Sculpture",3,2341
"1304",1990-03-01,"Painting & Sculpture",6,2347
"1305",1990-05-01,"Painting & Sculpture",7,2354
"1306",1990-10-01,"Painting & Sculpture",7,2361
"1307",1990-12-01,"Painting & Sculpture",25,2386
"1308",1991-01-01,"Painting & Sculpture",2,2388
"1309",1991-02-01,"Painting & Sculpture",4,2392
"1310",1991-04-01,"Painting & Sculpture",25,2417
"1311",1991-05-01,"Painting & Sculpture",3,2420
"1312",1991-10-01,"Painting & Sculpture",13,2433
"1313",1991-12-01,"Painting & Sculpture",40,2473
"1314",1992-01-01,"Painting & Sculpture",1,2474
"1315",1992-02-01,"Painting & Sculpture",2,2476
"1316",1992-03-01,"Painting & Sculpture",2,2478
"1317",1992-05-01,"Painting & Sculpture",5,2483
"1318",1992-06-01,"Painting & Sculpture",23,2506
"1319",1992-10-01,"Painting & Sculpture",5,2511
"1320",1992-12-01,"Painting & Sculpture",7,2518
"1321",1993-03-01,"Painting & Sculpture",4,2522
"1322",1993-05-01,"Painting & Sculpture",4,2526
"1323",1993-10-01,"Painting & Sculpture",3,2529
"1324",1993-12-01,"Painting & Sculpture",6,2535
"1325",1994-03-01,"Painting & Sculpture",5,2540
"1326",1994-05-01,"Painting & Sculpture",9,2549
"1327",1994-10-01,"Painting & Sculpture",16,2565
"1328",1994-12-01,"Painting & Sculpture",45,2610
"1329",1995-02-01,"Painting & Sculpture",6,2616
"1330",1995-05-01,"Painting & Sculpture",6,2622
"1331",1995-10-01,"Painting & Sculpture",3,2625
"1332",1995-12-01,"Painting & Sculpture",13,2638
"1333",1996-03-01,"Painting & Sculpture",4,2642
"1334",1996-04-01,"Painting & Sculpture",43,2685
"1335",1996-05-01,"Painting & Sculpture",2,2687
"1336",1996-10-01,"Painting & Sculpture",12,2699
"1337",1996-12-01,"Painting & Sculpture",16,2715
"1338",1997-02-01,"Painting & Sculpture",5,2720
"1339",1997-04-01,"Painting & Sculpture",3,2723
"1340",1997-06-01,"Painting & Sculpture",15,2738
"1341",1997-10-01,"Painting & Sculpture",11,2749
"1342",1997-12-01,"Painting & Sculpture",6,2755
"1343",1998-03-01,"Painting & Sculpture",4,2759
"1344",1998-05-01,"Painting & Sculpture",6,2765
"1345",1998-06-01,"Painting & Sculpture",10,2775
"1346",1998-07-01,"Painting & Sculpture",1,2776
"1347",1998-09-01,"Painting & Sculpture",5,2781
"1348",1998-10-01,"Painting & Sculpture",11,2792
"1349",1998-12-01,"Painting & Sculpture",10,2802
"1350",1999-02-01,"Painting & Sculpture",6,2808
"1351",1999-05-01,"Painting & Sculpture",8,2816
"1352",1999-10-01,"Painting & Sculpture",12,2828
"1353",1999-12-01,"Painting & Sculpture",9,2837
"1354",2000-01-01,"Painting & Sculpture",1,2838
"1355",2000-02-01,"Painting & Sculpture",3,2841
"1356",2000-04-01,"Painting & Sculpture",30,2871
"1357",2000-11-01,"Painting & Sculpture",9,2880
"1358",2001-02-01,"Painting & Sculpture",11,2891
"1359",2001-04-01,"Painting & Sculpture",6,2897
"1360",2001-05-01,"Painting & Sculpture",1,2898
"1361",2001-11-01,"Painting & Sculpture",11,2909
"1362",2002-02-01,"Painting & Sculpture",5,2914
"1363",2002-04-01,"Painting & Sculpture",20,2934
"1364",2002-05-01,"Painting & Sculpture",4,2938
"1365",2002-10-01,"Painting & Sculpture",5,2943
"1366",2003-02-01,"Painting & Sculpture",2,2945
"1367",2003-05-01,"Painting & Sculpture",3,2948
"1368",2003-10-01,"Painting & Sculpture",6,2954
"1369",2003-12-01,"Painting & Sculpture",3,2957
"1370",2004-03-01,"Painting & Sculpture",19,2976
"1371",2004-06-01,"Painting & Sculpture",26,3002
"1372",2004-08-01,"Painting & Sculpture",1,3003
"1373",2004-09-01,"Painting & Sculpture",1,3004
"1374",2005-02-01,"Painting & Sculpture",5,3009
"1375",2005-05-01,"Painting & Sculpture",13,3022
"1376",2005-06-01,"Painting & Sculpture",1,3023
"1377",2005-09-01,"Painting & Sculpture",7,3030
"1378",2005-10-01,"Painting & Sculpture",108,3138
"1379",2005-12-01,"Painting & Sculpture",17,3155
"1380",2006-02-01,"Painting & Sculpture",15,3170
"1381",2006-05-01,"Painting & Sculpture",11,3181
"1382",2006-10-01,"Painting & Sculpture",1,3182
"1383",2006-11-01,"Painting & Sculpture",7,3189
"1384",2007-02-01,"Painting & Sculpture",12,3201
"1385",2007-04-01,"Painting & Sculpture",5,3206
"1386",2007-05-01,"Painting & Sculpture",2,3208
"1387",2007-10-01,"Painting & Sculpture",9,3217
"1388",2007-12-01,"Painting & Sculpture",13,3230
"1389",2008-03-01,"Painting & Sculpture",8,3238
"1390",2008-06-01,"Painting & Sculpture",15,3253
"1391",2008-07-01,"Painting & Sculpture",9,3262
"1392",2008-11-01,"Painting & Sculpture",14,3276
"1393",2009-02-01,"Painting & Sculpture",7,3283
"1394",2009-05-01,"Painting & Sculpture",15,3298
"1395",2009-09-01,"Painting & Sculpture",6,3304
"1396",2009-11-01,"Painting & Sculpture",4,3308
"1397",2010-03-01,"Painting & Sculpture",33,3341
"1398",2010-06-01,"Painting & Sculpture",17,3358
"1399",2010-09-01,"Painting & Sculpture",8,3366
"1400",2010-12-01,"Painting & Sculpture",76,3442
"1401",2011-02-01,"Painting & Sculpture",11,3453
"1402",2011-05-01,"Painting & Sculpture",52,3505
"1403",2011-09-01,"Painting & Sculpture",14,3519
"1404",2011-12-01,"Painting & Sculpture",12,3531
"1405",2012-02-01,"Painting & Sculpture",8,3539
"1406",2012-06-01,"Painting & Sculpture",19,3558
"1407",2012-09-01,"Painting & Sculpture",12,3570
"1408",2012-11-01,"Painting & Sculpture",1,3571
"1409",2012-12-01,"Painting & Sculpture",6,3577
"1410",2013-02-01,"Painting & Sculpture",15,3592
"1411",2013-05-01,"Painting & Sculpture",20,3612
"1412",2013-10-01,"Painting & Sculpture",17,3629
"1413",2013-12-01,"Painting & Sculpture",16,3645
"1414",2014-02-01,"Painting & Sculpture",11,3656
"1415",2014-05-01,"Painting & Sculpture",10,3666
"1416",2014-09-01,"Painting & Sculpture",10,3676
"1417",2014-12-01,"Painting & Sculpture",11,3687
"1418",2015-03-01,"Painting & Sculpture",10,3697
"1419",2015-06-01,"Painting & Sculpture",27,3724
"1420",2015-10-01,"Painting & Sculpture",17,3741
"1421",2016-01-01,"Painting & Sculpture",12,3753
"1422",2016-04-01,"Painting & Sculpture",6,3759
"1423",2016-06-01,"Painting & Sculpture",19,3778
"1424",NA,"Painting & Sculpture",3,3781
"1425",1932-12-01,"Photography",1,1
"1426",1933-04-01,"Photography",92,93
"1427",1934-05-01,"Photography",2,95
"1428",1935-11-01,"Photography",24,119
"1429",1937-03-01,"Photography",47,166
"1430",1937-12-01,"Photography",10,176
"1431",1938-10-01,"Photography",85,261
"1432",1939-01-01,"Photography",51,312
"1433",1940-04-01,"Photography",123,435
"1434",1940-06-01,"Photography",2,437
"1435",1941-01-01,"Photography",420,857
"1436",1941-06-01,"Photography",65,922
"1437",1941-12-01,"Photography",126,1048
"1438",1942-01-01,"Photography",19,1067
"1439",1942-03-01,"Photography",11,1078
"1440",1942-05-01,"Photography",57,1135
"1441",1942-06-01,"Photography",1,1136
"1442",1942-12-01,"Photography",130,1266
"1443",1943-02-01,"Photography",19,1285
"1444",1943-05-01,"Photography",19,1304
"1445",1943-11-01,"Photography",90,1394
"1446",1944-03-01,"Photography",42,1436
"1447",1944-05-01,"Photography",38,1474
"1448",1944-11-01,"Photography",33,1507
"1449",1946-05-01,"Photography",32,1539
"1450",1947-06-01,"Photography",13,1552
"1451",1947-10-01,"Photography",23,1575
"1452",1948-03-01,"Photography",1,1576
"1453",1950-01-01,"Photography",52,1628
"1454",1950-04-01,"Photography",40,1668
"1455",1952-05-01,"Photography",16,1684
"1456",1953-04-01,"Photography",51,1735
"1457",1954-01-01,"Photography",34,1769
"1458",1954-04-01,"Photography",10,1779
"1459",1955-11-01,"Photography",4,1783
"1460",1956-10-01,"Photography",64,1847
"1461",1957-10-01,"Photography",26,1873
"1462",1959-04-01,"Photography",448,2321
"1463",1959-12-01,"Photography",4,2325
"1464",1960-04-01,"Photography",1,2326
"1465",1960-05-01,"Photography",1,2327
"1466",1960-11-01,"Photography",102,2429
"1467",1961-01-01,"Photography",10,2439
"1468",1961-05-01,"Photography",121,2560
"1469",1961-11-01,"Photography",14,2574
"1470",1961-12-01,"Photography",6,2580
"1471",1962-01-01,"Photography",32,2612
"1472",1962-02-01,"Photography",7,2619
"1473",1962-04-01,"Photography",11,2630
"1474",1962-05-01,"Photography",46,2676
"1475",1962-11-01,"Photography",59,2735
"1476",1963-01-01,"Photography",49,2784
"1477",1963-02-01,"Photography",22,2806
"1478",1963-03-01,"Photography",11,2817
"1479",1963-05-01,"Photography",28,2845
"1480",1963-10-01,"Photography",18,2863
"1481",1964-01-01,"Photography",210,3073
"1482",1964-02-01,"Photography",163,3236
"1483",1964-03-01,"Photography",29,3265
"1484",1964-04-01,"Photography",79,3344
"1485",1964-05-01,"Photography",21,3365
"1486",1964-06-01,"Photography",21,3386
"1487",1964-11-01,"Photography",55,3441
"1488",1965-01-01,"Photography",20,3461
"1489",1965-04-01,"Photography",70,3531
"1490",1965-05-01,"Photography",11,3542
"1491",1965-11-01,"Photography",253,3795
"1492",1966-01-01,"Photography",81,3876
"1493",1966-04-01,"Photography",38,3914
"1494",1966-05-01,"Photography",1,3915
"1495",1966-10-01,"Photography",50,3965
"1496",1967-03-01,"Photography",63,4028
"1497",1967-06-01,"Photography",83,4111
"1498",1967-11-01,"Photography",86,4197
"1499",1967-12-01,"Photography",108,4305
"1500",1968-01-01,"Photography",86,4391
"1501",1968-03-01,"Photography",4992,9383
"1502",1968-05-01,"Photography",287,9670
"1503",1968-11-01,"Photography",115,9785
"1504",1969-01-01,"Photography",49,9834
"1505",1969-03-01,"Photography",107,9941
"1506",1969-05-01,"Photography",93,10034
"1507",1969-11-01,"Photography",57,10091
"1508",1970-01-01,"Photography",89,10180
"1509",1970-03-01,"Photography",21,10201
"1510",1970-05-01,"Photography",32,10233
"1511",1970-10-01,"Photography",125,10358
"1512",1971-01-01,"Photography",32,10390
"1513",1971-02-01,"Photography",3,10393
"1514",1971-03-01,"Photography",45,10438
"1515",1971-05-01,"Photography",77,10515
"1516",1971-11-01,"Photography",348,10863
"1517",1972-01-01,"Photography",1,10864
"1518",1972-02-01,"Photography",2,10866
"1519",1972-03-01,"Photography",80,10946
"1520",1972-05-01,"Photography",70,11016
"1521",1972-11-01,"Photography",129,11145
"1522",1973-02-01,"Photography",72,11217
"1523",1973-03-01,"Photography",1,11218
"1524",1973-05-01,"Photography",51,11269
"1525",1973-11-01,"Photography",137,11406
"1526",1974-01-01,"Photography",72,11478
"1527",1974-04-01,"Photography",258,11736
"1528",1974-06-01,"Photography",58,11794
"1529",1974-10-01,"Photography",114,11908
"1530",1974-12-01,"Photography",77,11985
"1531",1975-02-01,"Photography",98,12083
"1532",1975-05-01,"Photography",156,12239
"1533",1975-10-01,"Photography",44,12283
"1534",1976-02-01,"Photography",80,12363
"1535",1976-04-01,"Photography",48,12411
"1536",1976-06-01,"Photography",24,12435
"1537",1976-10-01,"Photography",107,12542
"1538",1976-12-01,"Photography",99,12641
"1539",1977-02-01,"Photography",1,12642
"1540",1977-03-01,"Photography",119,12761
"1541",1977-06-01,"Photography",84,12845
"1542",1977-10-01,"Photography",59,12904
"1543",1977-12-01,"Photography",34,12938
"1544",1978-02-01,"Photography",7,12945
"1545",1978-05-01,"Photography",87,13032
"1546",1978-10-01,"Photography",55,13087
"1547",1978-12-01,"Photography",89,13176
"1548",1979-02-01,"Photography",27,13203
"1549",1979-05-01,"Photography",67,13270
"1550",1979-10-01,"Photography",83,13353
"1551",1979-12-01,"Photography",85,13438
"1552",1980-03-01,"Photography",58,13496
"1553",1980-05-01,"Photography",20,13516
"1554",1980-08-01,"Photography",25,13541
"1555",1980-10-01,"Photography",91,13632
"1556",1981-02-01,"Photography",288,13920
"1557",1981-03-01,"Photography",2,13922
"1558",1981-05-01,"Photography",30,13952
"1559",1981-10-01,"Photography",142,14094
"1560",1981-11-01,"Photography",1,14095
"1561",1981-12-01,"Photography",239,14334
"1562",1982-03-01,"Photography",77,14411
"1563",1982-05-01,"Photography",150,14561
"1564",1982-10-01,"Photography",74,14635
"1565",1983-01-01,"Photography",207,14842
"1566",1983-03-01,"Photography",106,14948
"1567",1983-05-01,"Photography",29,14977
"1568",1983-11-01,"Photography",72,15049
"1569",1984-01-01,"Photography",44,15093
"1570",1984-03-01,"Photography",44,15137
"1571",1984-05-01,"Photography",27,15164
"1572",1984-12-01,"Photography",173,15337
"1573",1985-03-01,"Photography",80,15417
"1574",1985-05-01,"Photography",29,15446
"1575",1985-10-01,"Photography",63,15509
"1576",1986-01-01,"Photography",82,15591
"1577",1986-03-01,"Photography",25,15616
"1578",1986-05-01,"Photography",128,15744
"1579",1986-10-01,"Photography",36,15780
"1580",1986-12-01,"Photography",38,15818
"1581",1987-02-01,"Photography",41,15859
"1582",1987-04-01,"Photography",33,15892
"1583",1987-10-01,"Photography",54,15946
"1584",1987-12-01,"Photography",167,16113
"1585",1988-03-01,"Photography",56,16169
"1586",1988-06-01,"Photography",17,16186
"1587",1988-10-01,"Photography",60,16246
"1588",1988-12-01,"Photography",43,16289
"1589",1989-03-01,"Photography",94,16383
"1590",1989-06-01,"Photography",185,16568
"1591",1989-10-01,"Photography",57,16625
"1592",1989-12-01,"Photography",40,16665
"1593",1990-06-01,"Photography",100,16765
"1594",1990-10-01,"Photography",25,16790
"1595",1990-12-01,"Photography",128,16918
"1596",1991-03-01,"Photography",29,16947
"1597",1991-06-01,"Photography",75,17022
"1598",1991-10-01,"Photography",89,17111
"1599",1992-01-01,"Photography",108,17219
"1600",1992-04-01,"Photography",32,17251
"1601",1992-06-01,"Photography",67,17318
"1602",1992-10-01,"Photography",100,17418
"1603",1992-12-01,"Photography",16,17434
"1604",1993-03-01,"Photography",121,17555
"1605",1993-06-01,"Photography",76,17631
"1606",1993-10-01,"Photography",61,17692
"1607",1994-01-01,"Photography",107,17799
"1608",1994-03-01,"Photography",39,17838
"1609",1994-06-01,"Photography",91,17929
"1610",1994-10-01,"Photography",64,17993
"1611",1994-12-01,"Photography",32,18025
"1612",1995-03-01,"Photography",25,18050
"1613",1995-05-01,"Photography",1,18051
"1614",1995-06-01,"Photography",457,18508
"1615",1995-09-01,"Photography",1,18509
"1616",1995-12-01,"Photography",90,18599
"1617",1996-06-01,"Photography",105,18704
"1618",1996-08-01,"Photography",1,18705
"1619",1996-10-01,"Photography",42,18747
"1620",1996-12-01,"Photography",48,18795
"1621",1997-01-01,"Photography",1,18796
"1622",1997-03-01,"Photography",33,18829
"1623",1997-06-01,"Photography",41,18870
"1624",1997-10-01,"Photography",75,18945
"1625",1997-12-01,"Photography",29,18974
"1626",1998-03-01,"Photography",96,19070
"1627",1998-06-01,"Photography",166,19236
"1628",1998-10-01,"Photography",49,19285
"1629",1998-12-01,"Photography",265,19550
"1630",1999-03-01,"Photography",30,19580
"1631",1999-06-01,"Photography",65,19645
"1632",1999-10-01,"Photography",46,19691
"1633",1999-12-01,"Photography",23,19714
"1634",2000-03-01,"Photography",18,19732
"1635",2000-10-01,"Photography",876,20608
"1636",2000-12-01,"Photography",10,20618
"1637",2001-01-01,"Photography",1,20619
"1638",2001-04-01,"Photography",161,20780
"1639",2001-06-01,"Photography",480,21260
"1640",2001-10-01,"Photography",3,21263
"1641",2001-12-01,"Photography",363,21626
"1642",2002-04-01,"Photography",17,21643
"1643",2002-06-01,"Photography",54,21697
"1644",2002-10-01,"Photography",23,21720
"1645",2002-12-01,"Photography",16,21736
"1646",2003-02-01,"Photography",5,21741
"1647",2003-04-01,"Photography",28,21769
"1648",2003-10-01,"Photography",81,21850
"1649",2003-12-01,"Photography",12,21862
"1650",2004-01-01,"Photography",1,21863
"1651",2004-05-01,"Photography",79,21942
"1652",2004-10-01,"Photography",57,21999
"1653",2005-01-01,"Photography",64,22063
"1654",2005-05-01,"Photography",233,22296
"1655",2005-10-01,"Photography",43,22339
"1656",2006-01-01,"Photography",75,22414
"1657",2006-05-01,"Photography",169,22583
"1658",2006-10-01,"Photography",92,22675
"1659",2007-02-01,"Photography",61,22736
"1660",2007-04-01,"Photography",2,22738
"1661",2007-05-01,"Photography",93,22831
"1662",2007-10-01,"Photography",265,23096
"1663",2008-02-01,"Photography",80,23176
"1664",2008-05-01,"Photography",109,23285
"1665",2008-11-01,"Photography",78,23363
"1666",2009-01-01,"Photography",1,23364
"1667",2009-02-01,"Photography",147,23511
"1668",2009-04-01,"Photography",1,23512
"1669",2009-05-01,"Photography",119,23631
"1670",2009-10-01,"Photography",120,23751
"1671",2010-02-01,"Photography",55,23806
"1672",2010-05-01,"Photography",70,23876
"1673",2010-10-01,"Photography",536,24412
"1674",2011-02-01,"Photography",27,24439
"1675",2011-05-01,"Photography",196,24635
"1676",2011-10-01,"Photography",146,24781
"1677",2011-12-01,"Photography",6,24787
"1678",2012-02-01,"Photography",78,24865
"1679",2012-05-01,"Photography",97,24962
"1680",2012-10-01,"Photography",126,25088
"1681",2013-02-01,"Photography",177,25265
"1682",2013-05-01,"Photography",223,25488
"1683",2013-10-01,"Photography",856,26344
"1684",2013-12-01,"Photography",1,26345
"1685",2014-02-01,"Photography",121,26466
"1686",2014-05-01,"Photography",447,26913
"1687",2014-10-01,"Photography",242,27155
"1688",2015-01-01,"Photography",64,27219
"1689",2015-05-01,"Photography",864,28083
"1690",2015-10-01,"Photography",39,28122
"1691",2016-01-01,"Photography",174,28296
"1692",2016-05-01,"Photography",101,28397
"1693",NA,"Photography",441,28838
"1694",1929-11-01,"Prints & Illustrated Books",8,8
"1695",1930-06-01,"Prints & Illustrated Books",1,9
"1696",1931-01-01,"Prints & Illustrated Books",1,10
"1697",1932-05-01,"Prints & Illustrated Books",9,19
"1698",1932-12-01,"Prints & Illustrated Books",1,20
"1699",1933-01-01,"Prints & Illustrated Books",2,22
"1700",1934-03-01,"Prints & Illustrated Books",3,25
"1701",1934-04-01,"Prints & Illustrated Books",6,31
"1702",1934-05-01,"Prints & Illustrated Books",64,95
"1703",1934-07-01,"Prints & Illustrated Books",51,146
"1704",1934-09-01,"Prints & Illustrated Books",42,188
"1705",1934-12-01,"Prints & Illustrated Books",1,189
"1706",1935-02-01,"Prints & Illustrated Books",1,190
"1707",1935-04-01,"Prints & Illustrated Books",8,198
"1708",1935-11-01,"Prints & Illustrated Books",34,232
"1709",1936-01-01,"Prints & Illustrated Books",1,233
"1710",1936-05-01,"Prints & Illustrated Books",3,236
"1711",1937-12-01,"Prints & Illustrated Books",6,242
"1712",1938-10-01,"Prints & Illustrated Books",7,249
"1713",1939-01-01,"Prints & Illustrated Books",44,293
"1714",1939-05-01,"Prints & Illustrated Books",1,294
"1715",1939-12-01,"Prints & Illustrated Books",28,322
"1716",1940-04-01,"Prints & Illustrated Books",1241,1563
"1717",1940-05-01,"Prints & Illustrated Books",2,1565
"1718",1940-06-01,"Prints & Illustrated Books",1,1566
"1719",1940-09-01,"Prints & Illustrated Books",8,1574
"1720",1941-01-01,"Prints & Illustrated Books",32,1606
"1721",1941-03-01,"Prints & Illustrated Books",11,1617
"1722",1941-06-01,"Prints & Illustrated Books",20,1637
"1723",1941-11-01,"Prints & Illustrated Books",1,1638
"1724",1941-12-01,"Prints & Illustrated Books",22,1660
"1725",1942-01-01,"Prints & Illustrated Books",3,1663
"1726",1942-03-01,"Prints & Illustrated Books",2,1665
"1727",1942-05-01,"Prints & Illustrated Books",15,1680
"1728",1942-07-01,"Prints & Illustrated Books",3,1683
"1729",1942-09-01,"Prints & Illustrated Books",1,1684
"1730",1942-11-01,"Prints & Illustrated Books",78,1762
"1731",1942-12-01,"Prints & Illustrated Books",118,1880
"1732",1943-02-01,"Prints & Illustrated Books",27,1907
"1733",1943-05-01,"Prints & Illustrated Books",3,1910
"1734",1943-09-01,"Prints & Illustrated Books",1,1911
"1735",1943-11-01,"Prints & Illustrated Books",53,1964
"1736",1943-12-01,"Prints & Illustrated Books",1,1965
"1737",1944-03-01,"Prints & Illustrated Books",11,1976
"1738",1944-05-01,"Prints & Illustrated Books",6,1982
"1739",1944-06-01,"Prints & Illustrated Books",3,1985
"1740",1944-09-01,"Prints & Illustrated Books",37,2022
"1741",1944-11-01,"Prints & Illustrated Books",41,2063
"1742",1944-12-01,"Prints & Illustrated Books",29,2092
"1743",1945-01-01,"Prints & Illustrated Books",32,2124
"1744",1945-03-01,"Prints & Illustrated Books",7,2131
"1745",1945-04-01,"Prints & Illustrated Books",33,2164
"1746",1945-06-01,"Prints & Illustrated Books",3,2167
"1747",1945-09-01,"Prints & Illustrated Books",1,2168
"1748",1945-12-01,"Prints & Illustrated Books",6,2174
"1749",1946-01-01,"Prints & Illustrated Books",1,2175
"1750",1946-05-01,"Prints & Illustrated Books",28,2203
"1751",1946-07-01,"Prints & Illustrated Books",61,2264
"1752",1947-03-01,"Prints & Illustrated Books",77,2341
"1753",1947-06-01,"Prints & Illustrated Books",12,2353
"1754",1947-10-01,"Prints & Illustrated Books",30,2383
"1755",1947-12-01,"Prints & Illustrated Books",100,2483
"1756",1948-03-01,"Prints & Illustrated Books",30,2513
"1757",1948-10-01,"Prints & Illustrated Books",202,2715
"1758",1949-03-01,"Prints & Illustrated Books",287,3002
"1759",1949-04-01,"Prints & Illustrated Books",2,3004
"1760",1949-05-01,"Prints & Illustrated Books",71,3075
"1761",1949-09-01,"Prints & Illustrated Books",1110,4185
"1762",1949-10-01,"Prints & Illustrated Books",4,4189
"1763",1950-04-01,"Prints & Illustrated Books",1,4190
"1764",1950-06-01,"Prints & Illustrated Books",25,4215
"1765",1950-10-01,"Prints & Illustrated Books",147,4362
"1766",1950-11-01,"Prints & Illustrated Books",32,4394
"1767",1951-01-01,"Prints & Illustrated Books",87,4481
"1768",1951-05-01,"Prints & Illustrated Books",272,4753
"1769",1951-11-01,"Prints & Illustrated Books",63,4816
"1770",1952-01-01,"Prints & Illustrated Books",33,4849
"1771",1952-05-01,"Prints & Illustrated Books",177,5026
"1772",1952-11-01,"Prints & Illustrated Books",204,5230
"1773",1953-01-01,"Prints & Illustrated Books",72,5302
"1774",1953-04-01,"Prints & Illustrated Books",15,5317
"1775",1953-06-01,"Prints & Illustrated Books",84,5401
"1776",1954-01-01,"Prints & Illustrated Books",57,5458
"1777",1954-04-01,"Prints & Illustrated Books",243,5701
"1778",1954-09-01,"Prints & Illustrated Books",251,5952
"1779",1954-12-01,"Prints & Illustrated Books",63,6015
"1780",1955-04-01,"Prints & Illustrated Books",131,6146
"1781",1955-10-01,"Prints & Illustrated Books",124,6270
"1782",1955-11-01,"Prints & Illustrated Books",24,6294
"1783",1956-02-01,"Prints & Illustrated Books",1,6295
"1784",1956-03-01,"Prints & Illustrated Books",279,6574
"1785",1956-05-01,"Prints & Illustrated Books",1,6575
"1786",1956-10-01,"Prints & Illustrated Books",167,6742
"1787",1956-12-01,"Prints & Illustrated Books",241,6983
"1788",1957-02-01,"Prints & Illustrated Books",1,6984
"1789",1957-05-01,"Prints & Illustrated Books",45,7029
"1790",1957-09-01,"Prints & Illustrated Books",1,7030
"1791",1957-10-01,"Prints & Illustrated Books",39,7069
"1792",1957-12-01,"Prints & Illustrated Books",16,7085
"1793",1958-02-01,"Prints & Illustrated Books",98,7183
"1794",1958-09-01,"Prints & Illustrated Books",1,7184
"1795",1958-12-01,"Prints & Illustrated Books",329,7513
"1796",1959-03-01,"Prints & Illustrated Books",139,7652
"1797",1959-04-01,"Prints & Illustrated Books",106,7758
"1798",1959-10-01,"Prints & Illustrated Books",53,7811
"1799",1960-02-01,"Prints & Illustrated Books",1,7812
"1800",1960-05-01,"Prints & Illustrated Books",140,7952
"1801",1960-09-01,"Prints & Illustrated Books",8,7960
"1802",1961-01-01,"Prints & Illustrated Books",53,8013
"1803",1961-02-01,"Prints & Illustrated Books",2,8015
"1804",1961-03-01,"Prints & Illustrated Books",1,8016
"1805",1961-12-01,"Prints & Illustrated Books",160,8176
"1806",1962-01-01,"Prints & Illustrated Books",54,8230
"1807",1962-05-01,"Prints & Illustrated Books",140,8370
"1808",1962-10-01,"Prints & Illustrated Books",6,8376
"1809",1962-12-01,"Prints & Illustrated Books",66,8442
"1810",1963-02-01,"Prints & Illustrated Books",63,8505
"1811",1963-03-01,"Prints & Illustrated Books",6,8511
"1812",1963-04-01,"Prints & Illustrated Books",66,8577
"1813",1963-05-01,"Prints & Illustrated Books",49,8626
"1814",1963-06-01,"Prints & Illustrated Books",66,8692
"1815",1963-10-01,"Prints & Illustrated Books",56,8748
"1816",1963-12-01,"Prints & Illustrated Books",74,8822
"1817",1964-01-01,"Prints & Illustrated Books",127,8949
"1818",1964-02-01,"Prints & Illustrated Books",52,9001
"1819",1964-03-01,"Prints & Illustrated Books",57,9058
"1820",1964-04-01,"Prints & Illustrated Books",56,9114
"1821",1964-06-01,"Prints & Illustrated Books",45,9159
"1822",1964-10-01,"Prints & Illustrated Books",11176,20335
"1823",1964-11-01,"Prints & Illustrated Books",94,20429
"1824",1964-12-01,"Prints & Illustrated Books",10,20439
"1825",1965-01-01,"Prints & Illustrated Books",40,20479
"1826",1965-02-01,"Prints & Illustrated Books",32,20511
"1827",1965-03-01,"Prints & Illustrated Books",18,20529
"1828",1965-04-01,"Prints & Illustrated Books",295,20824
"1829",1965-05-01,"Prints & Illustrated Books",101,20925
"1830",1965-06-01,"Prints & Illustrated Books",137,21062
"1831",1965-10-01,"Prints & Illustrated Books",119,21181
"1832",1965-11-01,"Prints & Illustrated Books",601,21782
"1833",1965-12-01,"Prints & Illustrated Books",68,21850
"1834",1966-01-01,"Prints & Illustrated Books",124,21974
"1835",1966-02-01,"Prints & Illustrated Books",18,21992
"1836",1966-04-01,"Prints & Illustrated Books",1,21993
"1837",1966-05-01,"Prints & Illustrated Books",384,22377
"1838",1966-10-01,"Prints & Illustrated Books",29,22406
"1839",1966-11-01,"Prints & Illustrated Books",352,22758
"1840",1966-12-01,"Prints & Illustrated Books",352,23110
"1841",1967-02-01,"Prints & Illustrated Books",237,23347
"1842",1967-04-01,"Prints & Illustrated Books",251,23598
"1843",1967-05-01,"Prints & Illustrated Books",1,23599
"1844",1967-06-01,"Prints & Illustrated Books",69,23668
"1845",1967-10-01,"Prints & Illustrated Books",425,24093
"1846",1967-12-01,"Prints & Illustrated Books",550,24643
"1847",1968-02-01,"Prints & Illustrated Books",234,24877
"1848",1968-04-01,"Prints & Illustrated Books",65,24942
"1849",1968-06-01,"Prints & Illustrated Books",125,25067
"1850",1968-10-01,"Prints & Illustrated Books",228,25295
"1851",1968-12-01,"Prints & Illustrated Books",254,25549
"1852",1969-02-01,"Prints & Illustrated Books",90,25639
"1853",1969-03-01,"Prints & Illustrated Books",1,25640
"1854",1969-04-01,"Prints & Illustrated Books",167,25807
"1855",1969-05-01,"Prints & Illustrated Books",164,25971
"1856",1969-10-01,"Prints & Illustrated Books",264,26235
"1857",1969-12-01,"Prints & Illustrated Books",920,27155
"1858",1970-01-01,"Prints & Illustrated Books",1,27156
"1859",1970-03-01,"Prints & Illustrated Books",258,27414
"1860",1970-05-01,"Prints & Illustrated Books",181,27595
"1861",1970-10-01,"Prints & Illustrated Books",167,27762
"1862",1970-12-01,"Prints & Illustrated Books",47,27809
"1863",1971-03-01,"Prints & Illustrated Books",134,27943
"1864",1971-05-01,"Prints & Illustrated Books",61,28004
"1865",1971-10-01,"Prints & Illustrated Books",130,28134
"1866",1971-12-01,"Prints & Illustrated Books",67,28201
"1867",1972-01-01,"Prints & Illustrated Books",8,28209
"1868",1972-02-01,"Prints & Illustrated Books",115,28324
"1869",1972-05-01,"Prints & Illustrated Books",69,28393
"1870",1972-10-01,"Prints & Illustrated Books",222,28615
"1871",1973-01-01,"Prints & Illustrated Books",321,28936
"1872",1973-05-01,"Prints & Illustrated Books",142,29078
"1873",1973-06-01,"Prints & Illustrated Books",1,29079
"1874",1973-10-01,"Prints & Illustrated Books",201,29280
"1875",1973-12-01,"Prints & Illustrated Books",2,29282
"1876",1974-01-01,"Prints & Illustrated Books",1668,30950
"1877",1974-04-01,"Prints & Illustrated Books",124,31074
"1878",1974-09-01,"Prints & Illustrated Books",95,31169
"1879",1975-01-01,"Prints & Illustrated Books",172,31341
"1880",1975-05-01,"Prints & Illustrated Books",305,31646
"1881",1975-10-01,"Prints & Illustrated Books",47,31693
"1882",1976-01-01,"Prints & Illustrated Books",120,31813
"1883",1976-05-01,"Prints & Illustrated Books",58,31871
"1884",1976-11-01,"Prints & Illustrated Books",162,32033
"1885",1977-01-01,"Prints & Illustrated Books",4,32037
"1886",1977-02-01,"Prints & Illustrated Books",117,32154
"1887",1977-05-01,"Prints & Illustrated Books",136,32290
"1888",1977-11-01,"Prints & Illustrated Books",302,32592
"1889",1978-03-01,"Prints & Illustrated Books",46,32638
"1890",1978-05-01,"Prints & Illustrated Books",260,32898
"1891",1978-10-01,"Prints & Illustrated Books",380,33278
"1892",1979-01-01,"Prints & Illustrated Books",194,33472
"1893",1979-05-01,"Prints & Illustrated Books",88,33560
"1894",1979-11-01,"Prints & Illustrated Books",1,33561
"1895",1979-12-01,"Prints & Illustrated Books",254,33815
"1896",1980-01-01,"Prints & Illustrated Books",2,33817
"1897",1980-02-01,"Prints & Illustrated Books",92,33909
"1898",1980-04-01,"Prints & Illustrated Books",22,33931
"1899",1980-10-01,"Prints & Illustrated Books",93,34024
"1900",1981-01-01,"Prints & Illustrated Books",70,34094
"1901",1981-05-01,"Prints & Illustrated Books",116,34210
"1902",1981-10-01,"Prints & Illustrated Books",143,34353
"1903",1982-01-01,"Prints & Illustrated Books",76,34429
"1904",1982-05-01,"Prints & Illustrated Books",184,34613
"1905",1982-10-01,"Prints & Illustrated Books",98,34711
"1906",1983-01-01,"Prints & Illustrated Books",141,34852
"1907",1983-05-01,"Prints & Illustrated Books",139,34991
"1908",1983-09-01,"Prints & Illustrated Books",89,35080
"1909",1983-10-01,"Prints & Illustrated Books",4,35084
"1910",1984-02-01,"Prints & Illustrated Books",74,35158
"1911",1984-05-01,"Prints & Illustrated Books",60,35218
"1912",1984-06-01,"Prints & Illustrated Books",2,35220
"1913",1984-10-01,"Prints & Illustrated Books",144,35364
"1914",1985-01-01,"Prints & Illustrated Books",128,35492
"1915",1985-06-01,"Prints & Illustrated Books",223,35715
"1916",1985-10-01,"Prints & Illustrated Books",120,35835
"1917",1986-01-01,"Prints & Illustrated Books",200,36035
"1918",1986-05-01,"Prints & Illustrated Books",147,36182
"1919",1986-10-01,"Prints & Illustrated Books",137,36319
"1920",1987-01-01,"Prints & Illustrated Books",313,36632
"1921",1987-05-01,"Prints & Illustrated Books",198,36830
"1922",1987-10-01,"Prints & Illustrated Books",227,37057
"1923",1988-01-01,"Prints & Illustrated Books",264,37321
"1924",1988-05-01,"Prints & Illustrated Books",148,37469
"1925",1988-06-01,"Prints & Illustrated Books",1,37470
"1926",1988-10-01,"Prints & Illustrated Books",202,37672
"1927",1989-01-01,"Prints & Illustrated Books",90,37762
"1928",1989-05-01,"Prints & Illustrated Books",123,37885
"1929",1989-10-01,"Prints & Illustrated Books",147,38032
"1930",1989-12-01,"Prints & Illustrated Books",4,38036
"1931",1990-01-01,"Prints & Illustrated Books",100,38136
"1932",1990-05-01,"Prints & Illustrated Books",396,38532
"1933",1990-10-01,"Prints & Illustrated Books",205,38737
"1934",1990-12-01,"Prints & Illustrated Books",15,38752
"1935",1991-01-01,"Prints & Illustrated Books",212,38964
"1936",1991-02-01,"Prints & Illustrated Books",13,38977
"1937",1991-05-01,"Prints & Illustrated Books",59,39036
"1938",1991-10-01,"Prints & Illustrated Books",156,39192
"1939",1992-01-01,"Prints & Illustrated Books",231,39423
"1940",1992-05-01,"Prints & Illustrated Books",307,39730
"1941",1992-11-01,"Prints & Illustrated Books",119,39849
"1942",1993-01-01,"Prints & Illustrated Books",309,40158
"1943",1993-05-01,"Prints & Illustrated Books",57,40215
"1944",1993-11-01,"Prints & Illustrated Books",448,40663
"1945",1993-12-01,"Prints & Illustrated Books",11,40674
"1946",1994-01-01,"Prints & Illustrated Books",153,40827
"1947",1994-05-01,"Prints & Illustrated Books",66,40893
"1948",1994-11-01,"Prints & Illustrated Books",113,41006
"1949",1995-01-01,"Prints & Illustrated Books",52,41058
"1950",1995-05-01,"Prints & Illustrated Books",29,41087
"1951",1995-11-01,"Prints & Illustrated Books",99,41186
"1952",1996-03-01,"Prints & Illustrated Books",134,41320
"1953",1996-05-01,"Prints & Illustrated Books",55,41375
"1954",1996-11-01,"Prints & Illustrated Books",210,41585
"1955",1997-03-01,"Prints & Illustrated Books",104,41689
"1956",1997-05-01,"Prints & Illustrated Books",188,41877
"1957",1997-11-01,"Prints & Illustrated Books",198,42075
"1958",1998-03-01,"Prints & Illustrated Books",302,42377
"1959",1998-05-01,"Prints & Illustrated Books",53,42430
"1960",1998-06-01,"Prints & Illustrated Books",1,42431
"1961",1998-11-01,"Prints & Illustrated Books",49,42480
"1962",1999-03-01,"Prints & Illustrated Books",84,42564
"1963",1999-05-01,"Prints & Illustrated Books",356,42920
"1964",1999-11-01,"Prints & Illustrated Books",136,43056
"1965",2000-03-01,"Prints & Illustrated Books",160,43216
"1966",2000-05-01,"Prints & Illustrated Books",1,43217
"1967",2000-11-01,"Prints & Illustrated Books",120,43337
"1968",2001-01-01,"Prints & Illustrated Books",1596,44933
"1969",2001-05-01,"Prints & Illustrated Books",193,45126
"1970",2001-11-01,"Prints & Illustrated Books",124,45250
"1971",2002-04-01,"Prints & Illustrated Books",93,45343
"1972",2002-06-01,"Prints & Illustrated Books",30,45373
"1973",2002-11-01,"Prints & Illustrated Books",109,45482
"1974",2003-03-01,"Prints & Illustrated Books",39,45521
"1975",2003-06-01,"Prints & Illustrated Books",61,45582
"1976",2003-11-01,"Prints & Illustrated Books",65,45647
"1977",2004-03-01,"Prints & Illustrated Books",96,45743
"1978",2004-05-01,"Prints & Illustrated Books",2,45745
"1979",2004-06-01,"Prints & Illustrated Books",64,45809
"1980",2004-10-01,"Prints & Illustrated Books",92,45901
"1981",2005-02-01,"Prints & Illustrated Books",2,45903
"1982",2005-03-01,"Prints & Illustrated Books",131,46034
"1983",2005-06-01,"Prints & Illustrated Books",314,46348
"1984",2005-10-01,"Prints & Illustrated Books",97,46445
"1985",2006-03-01,"Prints & Illustrated Books",205,46650
"1986",2006-04-01,"Prints & Illustrated Books",14,46664
"1987",2006-06-01,"Prints & Illustrated Books",547,47211
"1988",2006-11-01,"Prints & Illustrated Books",121,47332
"1989",2007-03-01,"Prints & Illustrated Books",100,47432
"1990",2007-04-01,"Prints & Illustrated Books",8,47440
"1991",2007-06-01,"Prints & Illustrated Books",62,47502
"1992",2007-11-01,"Prints & Illustrated Books",675,48177
"1993",2008-03-01,"Prints & Illustrated Books",183,48360
"1994",2008-06-01,"Prints & Illustrated Books",650,49010
"1995",2008-10-01,"Prints & Illustrated Books",2882,51892
"1996",2009-01-01,"Prints & Illustrated Books",70,51962
"1997",2009-04-01,"Prints & Illustrated Books",168,52130
"1998",2009-11-01,"Prints & Illustrated Books",431,52561
"1999",2010-03-01,"Prints & Illustrated Books",79,52640
"2000",2010-06-01,"Prints & Illustrated Books",223,52863
"2001",2010-11-01,"Prints & Illustrated Books",555,53418
"2002",2011-03-01,"Prints & Illustrated Books",163,53581
"2003",2011-05-01,"Prints & Illustrated Books",433,54014
"2004",2011-10-01,"Prints & Illustrated Books",122,54136
"2005",2011-12-01,"Prints & Illustrated Books",5,54141
"2006",2012-02-01,"Prints & Illustrated Books",488,54629
"2007",2012-05-01,"Prints & Illustrated Books",167,54796
"2008",2012-10-01,"Prints & Illustrated Books",732,55528
"2009",2013-02-01,"Prints & Illustrated Books",661,56189
"2010",2013-05-01,"Prints & Illustrated Books",96,56285
"2011",2013-10-01,"Prints & Illustrated Books",545,56830
"2012",2014-02-01,"Prints & Illustrated Books",131,56961
"2013",2014-05-01,"Prints & Illustrated Books",97,57058
"2014",2014-10-01,"Prints & Illustrated Books",201,57259
"2015",2014-12-01,"Prints & Illustrated Books",271,57530
"2016",2015-04-01,"Prints & Illustrated Books",81,57611
"2017",2015-06-01,"Prints & Illustrated Books",297,57908
"2018",2015-10-01,"Prints & Illustrated Books",673,58581
"2019",2016-01-01,"Prints & Illustrated Books",54,58635
"2020",2016-04-01,"Prints & Illustrated Books",29,58664
"2021",NA,"Prints & Illustrated Books",1011,59675
