"date","Department","supply","stock"
1932-01-01,"Architecture & Design",2,2
1934-01-01,"Architecture & Design",2,4
1934-04-01,"Architecture & Design",43,47
1934-09-01,"Architecture & Design",4,51
1935-11-01,"Architecture & Design",22,73
1935-12-01,"Architecture & Design",1,74
1936-01-01,"Architecture & Design",11,85
1936-05-01,"Architecture & Design",9,94
1936-06-01,"Architecture & Design",1,95
1936-07-01,"Architecture & Design",3,98
1936-10-01,"Architecture & Design",66,164
1937-01-01,"Architecture & Design",14,178
1937-02-01,"Architecture & Design",1,179
1937-03-01,"Architecture & Design",2,181
1937-06-01,"Architecture & Design",6,187
1937-07-01,"Architecture & Design",5,192
1937-10-01,"Architecture & Design",63,255
1937-11-01,"Architecture & Design",85,340
1937-12-01,"Architecture & Design",21,361
1938-01-01,"Architecture & Design",4,365
1938-06-01,"Architecture & Design",5,370
1938-10-01,"Architecture & Design",1,371
1938-11-01,"Architecture & Design",7,378
1939-01-01,"Architecture & Design",3,381
1939-03-01,"Architecture & Design",1,382
1939-05-01,"Architecture & Design",121,503
1939-06-01,"Architecture & Design",2,505
1939-12-01,"Architecture & Design",10,515
1940-04-01,"Architecture & Design",57,572
1940-09-01,"Architecture & Design",15,587
1940-12-01,"Architecture & Design",1,588
1941-01-01,"Architecture & Design",1,589
1941-12-01,"Architecture & Design",9,598
1942-01-01,"Architecture & Design",74,672
1942-07-01,"Architecture & Design",6,678
1942-12-01,"Architecture & Design",2,680
1943-02-01,"Architecture & Design",402,1082
1943-05-01,"Architecture & Design",429,1511
1943-11-01,"Architecture & Design",14,1525
1944-01-01,"Architecture & Design",1,1526
1944-05-01,"Architecture & Design",28,1554
1944-07-01,"Architecture & Design",7,1561
1944-11-01,"Architecture & Design",14,1575
1944-12-01,"Architecture & Design",16,1591
1945-01-01,"Architecture & Design",104,1695
1945-06-01,"Architecture & Design",3,1698
1946-04-01,"Architecture & Design",1,1699
1946-05-01,"Architecture & Design",33,1732
1947-01-01,"Architecture & Design",3,1735
1947-03-01,"Architecture & Design",18,1753
1947-06-01,"Architecture & Design",54,1807
1948-01-01,"Architecture & Design",1,1808
1948-03-01,"Architecture & Design",125,1933
1949-02-01,"Architecture & Design",14,1947
1949-05-01,"Architecture & Design",15,1962
1950-04-01,"Architecture & Design",29,1991
1950-06-01,"Architecture & Design",36,2027
1950-11-01,"Architecture & Design",32,2059
1951-05-01,"Architecture & Design",112,2171
1951-11-01,"Architecture & Design",42,2213
1952-01-01,"Architecture & Design",1,2214
1952-05-01,"Architecture & Design",63,2277
1953-01-01,"Architecture & Design",4,2281
1953-04-01,"Architecture & Design",114,2395
1953-11-01,"Architecture & Design",17,2412
1954-01-01,"Architecture & Design",11,2423
1954-04-01,"Architecture & Design",16,2439
1954-06-01,"Architecture & Design",7,2446
1954-09-01,"Architecture & Design",40,2486
1954-12-01,"Architecture & Design",41,2527
1955-04-01,"Architecture & Design",22,2549
1955-06-01,"Architecture & Design",24,2573
1956-03-01,"Architecture & Design",44,2617
1956-04-01,"Architecture & Design",35,2652
1956-10-01,"Architecture & Design",135,2787
1957-05-01,"Architecture & Design",33,2820
1957-10-01,"Architecture & Design",11,2831
1957-12-01,"Architecture & Design",63,2894
1958-01-01,"Architecture & Design",2,2896
1958-02-01,"Architecture & Design",28,2924
1958-10-01,"Architecture & Design",1,2925
1958-12-01,"Architecture & Design",157,3082
1959-01-01,"Architecture & Design",1,3083
1959-09-01,"Architecture & Design",1,3084
1959-10-01,"Architecture & Design",1,3085
1959-12-01,"Architecture & Design",13,3098
1960-01-01,"Architecture & Design",1,3099
1960-04-01,"Architecture & Design",42,3141
1960-05-01,"Architecture & Design",2,3143
1960-11-01,"Architecture & Design",69,3212
1961-01-01,"Architecture & Design",1,3213
1961-02-01,"Architecture & Design",24,3237
1961-06-01,"Architecture & Design",1,3238
1961-11-01,"Architecture & Design",34,3272
1962-01-01,"Architecture & Design",2,3274
1962-11-01,"Architecture & Design",31,3305
1962-12-01,"Architecture & Design",1,3306
1963-02-01,"Architecture & Design",7,3313
1963-03-01,"Architecture & Design",12,3325
1963-06-01,"Architecture & Design",22,3347
1963-11-01,"Architecture & Design",23,3370
1963-12-01,"Architecture & Design",105,3475
1964-01-01,"Architecture & Design",1,3476
1964-04-01,"Architecture & Design",65,3541
1964-05-01,"Architecture & Design",10,3551
1964-06-01,"Architecture & Design",11,3562
1964-10-01,"Architecture & Design",4,3566
1965-01-01,"Architecture & Design",1,3567
1965-04-01,"Architecture & Design",65,3632
1965-06-01,"Architecture & Design",7,3639
1965-11-01,"Architecture & Design",33,3672
1966-01-01,"Architecture & Design",48,3720
1966-05-01,"Architecture & Design",46,3766
1966-12-01,"Architecture & Design",51,3817
1967-01-01,"Architecture & Design",4,3821
1967-04-01,"Architecture & Design",106,3927
1967-06-01,"Architecture & Design",3,3930
1967-10-01,"Architecture & Design",87,4017
1968-01-01,"Architecture & Design",8,4025
1968-03-01,"Architecture & Design",116,4141
1968-10-01,"Architecture & Design",79,4220
1968-12-01,"Architecture & Design",1,4221
1969-04-01,"Architecture & Design",40,4261
1969-12-01,"Architecture & Design",33,4294
1970-01-01,"Architecture & Design",1,4295
1970-05-01,"Architecture & Design",1,4296
1970-11-01,"Architecture & Design",168,4464
1971-01-01,"Architecture & Design",1,4465
1971-11-01,"Architecture & Design",2,4467
1972-04-01,"Architecture & Design",40,4507
1972-12-01,"Architecture & Design",30,4537
1973-01-01,"Architecture & Design",3,4540
1973-05-01,"Architecture & Design",21,4561
1974-11-01,"Architecture & Design",812,5373
1975-03-01,"Architecture & Design",19,5392
1976-03-01,"Architecture & Design",13,5405
1976-10-01,"Architecture & Design",88,5493
1977-03-01,"Architecture & Design",20,5513
1977-06-01,"Architecture & Design",34,5547
1977-11-01,"Architecture & Design",117,5664
1978-02-01,"Architecture & Design",20,5684
1978-09-01,"Architecture & Design",40,5724
1979-05-01,"Architecture & Design",68,5792
1980-01-01,"Architecture & Design",76,5868
1980-10-01,"Architecture & Design",60,5928
1981-01-01,"Architecture & Design",1,5929
1981-04-01,"Architecture & Design",52,5981
1981-12-01,"Architecture & Design",113,6094
1982-10-01,"Architecture & Design",96,6190
1983-05-01,"Architecture & Design",112,6302
1983-11-01,"Architecture & Design",115,6417
1984-10-01,"Architecture & Design",98,6515
1984-11-01,"Architecture & Design",5,6520
1985-10-01,"Architecture & Design",1,6521
1985-11-01,"Architecture & Design",111,6632
1986-05-01,"Architecture & Design",12,6644
1986-10-01,"Architecture & Design",59,6703
1987-05-01,"Architecture & Design",59,6762
1987-11-01,"Architecture & Design",91,6853
1988-04-01,"Architecture & Design",47,6900
1988-11-01,"Architecture & Design",26,6926
1989-05-01,"Architecture & Design",28,6954
1990-01-01,"Architecture & Design",74,7028
1990-10-01,"Architecture & Design",84,7112
1991-06-01,"Architecture & Design",27,7139
1991-10-01,"Architecture & Design",2,7141
1992-01-01,"Architecture & Design",30,7171
1992-10-01,"Architecture & Design",35,7206
1993-01-01,"Architecture & Design",2,7208
1993-05-01,"Architecture & Design",88,7296
1993-06-01,"Architecture & Design",1,7297
1993-11-01,"Architecture & Design",18,7315
1994-05-01,"Architecture & Design",49,7364
1994-08-01,"Architecture & Design",2,7366
1994-09-01,"Architecture & Design",65,7431
1994-10-01,"Architecture & Design",1,7432
1994-11-01,"Architecture & Design",3,7435
1995-01-01,"Architecture & Design",79,7514
1995-05-01,"Architecture & Design",39,7553
1995-09-01,"Architecture & Design",13,7566
1995-10-01,"Architecture & Design",1,7567
1996-02-01,"Architecture & Design",1,7568
1996-04-01,"Architecture & Design",62,7630
1996-09-01,"Architecture & Design",140,7770
1997-01-01,"Architecture & Design",39,7809
1997-02-01,"Architecture & Design",1,7810
1997-09-01,"Architecture & Design",2,7812
1997-10-01,"Architecture & Design",54,7866
1997-11-01,"Architecture & Design",2,7868
1998-01-01,"Architecture & Design",1,7869
1998-04-01,"Architecture & Design",122,7991
1998-09-01,"Architecture & Design",6,7997
1998-11-01,"Architecture & Design",3,8000
1999-04-01,"Architecture & Design",2,8002
1999-06-01,"Architecture & Design",32,8034
1999-12-01,"Architecture & Design",723,8757
2000-01-01,"Architecture & Design",117,8874
2000-06-01,"Architecture & Design",12,8886
2000-10-01,"Architecture & Design",99,8985
2000-12-01,"Architecture & Design",204,9189
2001-04-01,"Architecture & Design",50,9239
2001-05-01,"Architecture & Design",42,9281
2001-09-01,"Architecture & Design",100,9381
2001-10-01,"Architecture & Design",72,9453
2001-12-01,"Architecture & Design",1,9454
2002-05-01,"Architecture & Design",14,9468
2002-09-01,"Architecture & Design",25,9493
2003-05-01,"Architecture & Design",63,9556
2003-10-01,"Architecture & Design",61,9617
2004-04-01,"Architecture & Design",75,9692
2004-07-01,"Architecture & Design",11,9703
2004-10-01,"Architecture & Design",21,9724
2005-02-01,"Architecture & Design",54,9778
2005-05-01,"Architecture & Design",25,9803
2005-10-01,"Architecture & Design",25,9828
2006-02-01,"Architecture & Design",221,10049
2006-05-01,"Architecture & Design",24,10073
2006-09-01,"Architecture & Design",11,10084
2006-10-01,"Architecture & Design",44,10128
2007-02-01,"Architecture & Design",27,10155
2007-06-01,"Architecture & Design",127,10282
2007-11-01,"Architecture & Design",72,10354
2008-02-01,"Architecture & Design",79,10433
2008-05-01,"Architecture & Design",78,10511
2008-11-01,"Architecture & Design",52,10563
2009-01-01,"Architecture & Design",22,10585
2009-04-01,"Architecture & Design",83,10668
2009-09-01,"Architecture & Design",17,10685
2009-11-01,"Architecture & Design",71,10756
2010-03-01,"Architecture & Design",41,10797
2010-09-01,"Architecture & Design",42,10839
2010-12-01,"Architecture & Design",62,10901
2011-03-01,"Architecture & Design",95,10996
2011-05-01,"Architecture & Design",39,11035
2011-09-01,"Architecture & Design",41,11076
2011-12-01,"Architecture & Design",138,11214
2012-02-01,"Architecture & Design",231,11445
2012-06-01,"Architecture & Design",180,11625
2012-10-01,"Architecture & Design",327,11952
2013-02-01,"Architecture & Design",87,12039
2013-06-01,"Architecture & Design",52,12091
2013-11-01,"Architecture & Design",26,12117
2014-01-01,"Architecture & Design",2,12119
2014-05-01,"Architecture & Design",223,12342
2014-10-01,"Architecture & Design",622,12964
2015-03-01,"Architecture & Design",289,13253
2015-06-01,"Architecture & Design",272,13525
2015-10-01,"Architecture & Design",734,14259
2016-02-01,"Architecture & Design",132,14391
NA,"Architecture & Design",3302,17693
NA,"Architecture & Design - Image Archive",14,14
1929-11-01,"Drawings",1,1
1930-01-01,"Drawings",1,2
1930-10-01,"Drawings",1,3
1932-02-01,"Drawings",2,5
1932-12-01,"Drawings",2,7
1934-03-01,"Drawings",2,9
1934-04-01,"Drawings",2,11
1934-09-01,"Drawings",10,21
1934-12-01,"Drawings",5,26
1935-02-01,"Drawings",213,239
1935-04-01,"Drawings",7,246
1935-05-01,"Drawings",1,247
1935-06-01,"Drawings",61,308
1935-08-01,"Drawings",3,311
1935-11-01,"Drawings",21,332
1936-01-01,"Drawings",9,341
1936-02-01,"Drawings",4,345
1936-03-01,"Drawings",3,348
1936-04-01,"Drawings",4,352
1936-10-01,"Drawings",4,356
1936-12-01,"Drawings",3,359
1937-05-01,"Drawings",5,364
1937-10-01,"Drawings",1,365
1937-12-01,"Drawings",20,385
1938-10-01,"Drawings",2,387
1939-01-01,"Drawings",7,394
1939-04-01,"Drawings",5,399
1939-05-01,"Drawings",2,401
1939-10-01,"Drawings",1,402
1939-11-01,"Drawings",1,403
1939-12-01,"Drawings",71,474
1940-04-01,"Drawings",49,523
1940-05-01,"Drawings",1,524
1940-09-01,"Drawings",3,527
1941-01-01,"Drawings",48,575
1941-03-01,"Drawings",20,595
1941-06-01,"Drawings",7,602
1941-12-01,"Drawings",109,711
1942-01-01,"Drawings",90,801
1942-03-01,"Drawings",105,906
1942-05-01,"Drawings",5,911
1942-07-01,"Drawings",7,918
1942-12-01,"Drawings",58,976
1943-01-01,"Drawings",1,977
1943-02-01,"Drawings",14,991
1943-05-01,"Drawings",5,996
1943-11-01,"Drawings",4,1000
1943-12-01,"Drawings",3,1003
1944-03-01,"Drawings",2,1005
1944-05-01,"Drawings",10,1015
1944-06-01,"Drawings",3,1018
1944-09-01,"Drawings",3,1021
1944-11-01,"Drawings",2,1023
1945-01-01,"Drawings",1,1024
1945-03-01,"Drawings",3,1027
1945-04-01,"Drawings",71,1098
1945-06-01,"Drawings",3,1101
1945-12-01,"Drawings",5,1106
1946-05-01,"Drawings",6,1112
1946-07-01,"Drawings",1,1113
1947-03-01,"Drawings",68,1181
1947-06-01,"Drawings",9,1190
1947-10-01,"Drawings",3,1193
1947-12-01,"Drawings",7,1200
1948-03-01,"Drawings",7,1207
1948-10-01,"Drawings",26,1233
1949-02-01,"Drawings",7,1240
1949-03-01,"Drawings",1,1241
1949-05-01,"Drawings",2,1243
1949-09-01,"Drawings",12,1255
1949-11-01,"Drawings",2,1257
1950-01-01,"Drawings",13,1270
1950-02-01,"Drawings",1,1271
1950-04-01,"Drawings",8,1279
1950-10-01,"Drawings",3,1282
1950-11-01,"Drawings",2,1284
1951-01-01,"Drawings",13,1297
1951-05-01,"Drawings",4,1301
1951-10-01,"Drawings",1,1302
1951-12-01,"Drawings",1,1303
1952-01-01,"Drawings",6,1309
1952-05-01,"Drawings",5,1314
1952-10-01,"Drawings",4,1318
1952-11-01,"Drawings",1,1319
1953-01-01,"Drawings",10,1329
1953-04-01,"Drawings",47,1376
1953-06-01,"Drawings",11,1387
1953-11-01,"Drawings",4,1391
1954-01-01,"Drawings",1,1392
1954-04-01,"Drawings",12,1404
1954-06-01,"Drawings",7,1411
1954-09-01,"Drawings",12,1423
1954-12-01,"Drawings",6,1429
1955-04-01,"Drawings",23,1452
1955-06-01,"Drawings",4,1456
1955-10-01,"Drawings",4,1460
1955-11-01,"Drawings",26,1486
1956-01-01,"Drawings",2,1488
1956-03-01,"Drawings",9,1497
1956-04-01,"Drawings",1,1498
1956-05-01,"Drawings",5,1503
1956-06-01,"Drawings",1,1504
1956-10-01,"Drawings",19,1523
1956-12-01,"Drawings",62,1585
1957-02-01,"Drawings",10,1595
1957-05-01,"Drawings",2,1597
1957-10-01,"Drawings",22,1619
1957-12-01,"Drawings",7,1626
1958-02-01,"Drawings",6,1632
1958-04-01,"Drawings",10,1642
1958-09-01,"Drawings",1,1643
1958-10-01,"Drawings",14,1657
1958-12-01,"Drawings",6,1663
1959-04-01,"Drawings",2,1665
1959-09-01,"Drawings",2,1667
1959-10-01,"Drawings",3,1670
1959-12-01,"Drawings",3,1673
1960-04-01,"Drawings",6,1679
1960-05-01,"Drawings",10,1689
1960-11-01,"Drawings",16,1705
1961-01-01,"Drawings",5,1710
1961-02-01,"Drawings",2,1712
1961-03-01,"Drawings",4,1716
1961-04-01,"Drawings",4,1720
1961-05-01,"Drawings",3,1723
1961-10-01,"Drawings",4,1727
1961-11-01,"Drawings",15,1742
1961-12-01,"Drawings",5,1747
1962-01-01,"Drawings",20,1767
1962-02-01,"Drawings",5,1772
1962-03-01,"Drawings",11,1783
1962-04-01,"Drawings",9,1792
1962-05-01,"Drawings",10,1802
1962-10-01,"Drawings",4,1806
1962-11-01,"Drawings",2,1808
1962-12-01,"Drawings",17,1825
1963-01-01,"Drawings",10,1835
1963-02-01,"Drawings",47,1882
1963-03-01,"Drawings",3,1885
1963-04-01,"Drawings",13,1898
1963-05-01,"Drawings",25,1923
1963-06-01,"Drawings",44,1967
1963-10-01,"Drawings",48,2015
1963-12-01,"Drawings",35,2050
1964-01-01,"Drawings",9,2059
1964-03-01,"Drawings",3,2062
1964-04-01,"Drawings",12,2074
1964-06-01,"Drawings",7,2081
1964-10-01,"Drawings",28,2109
1964-11-01,"Drawings",73,2182
1964-12-01,"Drawings",2,2184
1965-01-01,"Drawings",5,2189
1965-02-01,"Drawings",10,2199
1965-03-01,"Drawings",1,2200
1965-04-01,"Drawings",14,2214
1965-05-01,"Drawings",13,2227
1965-06-01,"Drawings",13,2240
1965-10-01,"Drawings",4,2244
1965-11-01,"Drawings",11,2255
1965-12-01,"Drawings",11,2266
1966-01-01,"Drawings",5,2271
1966-02-01,"Drawings",47,2318
1966-04-01,"Drawings",7,2325
1966-05-01,"Drawings",18,2343
1966-06-01,"Drawings",17,2360
1966-10-01,"Drawings",30,2390
1966-11-01,"Drawings",16,2406
1966-12-01,"Drawings",15,2421
1967-01-01,"Drawings",7,2428
1967-02-01,"Drawings",26,2454
1967-04-01,"Drawings",11,2465
1967-05-01,"Drawings",6,2471
1967-06-01,"Drawings",61,2532
1967-10-01,"Drawings",42,2574
1967-12-01,"Drawings",69,2643
1968-01-01,"Drawings",1,2644
1968-02-01,"Drawings",20,2664
1968-03-01,"Drawings",1,2665
1968-04-01,"Drawings",23,2688
1968-05-01,"Drawings",1,2689
1968-06-01,"Drawings",10,2699
1968-10-01,"Drawings",141,2840
1968-12-01,"Drawings",66,2906
1969-01-01,"Drawings",1,2907
1969-02-01,"Drawings",22,2929
1969-04-01,"Drawings",29,2958
1969-05-01,"Drawings",13,2971
1969-06-01,"Drawings",2,2973
1969-07-01,"Drawings",2,2975
1969-10-01,"Drawings",45,3020
1969-11-01,"Drawings",1,3021
1969-12-01,"Drawings",21,3042
1970-02-01,"Drawings",3,3045
1970-03-01,"Drawings",27,3072
1970-04-01,"Drawings",3,3075
1970-05-01,"Drawings",13,3088
1970-10-01,"Drawings",7,3095
1970-11-01,"Drawings",3,3098
1970-12-01,"Drawings",18,3116
1971-03-01,"Drawings",52,3168
1971-04-01,"Drawings",3,3171
1971-05-01,"Drawings",15,3186
1971-10-01,"Drawings",11,3197
1971-12-01,"Drawings",11,3208
1972-02-01,"Drawings",10,3218
1972-05-01,"Drawings",22,3240
1972-06-01,"Drawings",1,3241
1972-10-01,"Drawings",19,3260
1972-11-01,"Drawings",3,3263
1972-12-01,"Drawings",4,3267
1973-01-01,"Drawings",1,3268
1973-03-01,"Drawings",43,3311
1973-05-01,"Drawings",25,3336
1973-10-01,"Drawings",24,3360
1974-02-01,"Drawings",34,3394
1974-05-01,"Drawings",19,3413
1974-10-01,"Drawings",15,3428
1975-01-01,"Drawings",42,3470
1975-10-01,"Drawings",18,3488
1975-11-01,"Drawings",1,3489
1975-12-01,"Drawings",2,3491
1976-03-01,"Drawings",13,3504
1976-06-01,"Drawings",24,3528
1976-10-01,"Drawings",22,3550
1976-12-01,"Drawings",1,3551
1977-02-01,"Drawings",37,3588
1977-03-01,"Drawings",1,3589
1977-04-01,"Drawings",23,3612
1977-05-01,"Drawings",1,3613
1977-06-01,"Drawings",16,3629
1977-11-01,"Drawings",64,3693
1978-03-01,"Drawings",1,3694
1978-04-01,"Drawings",238,3932
1978-06-01,"Drawings",1,3933
1978-10-01,"Drawings",86,4019
1979-05-01,"Drawings",76,4095
1979-10-01,"Drawings",32,4127
1979-12-01,"Drawings",1,4128
1980-01-01,"Drawings",31,4159
1980-05-01,"Drawings",21,4180
1980-12-01,"Drawings",22,4202
1981-04-01,"Drawings",75,4277
1981-11-01,"Drawings",26,4303
1982-06-01,"Drawings",18,4321
1982-11-01,"Drawings",23,4344
1983-01-01,"Drawings",8,4352
1983-03-01,"Drawings",64,4416
1983-04-01,"Drawings",2,4418
1983-11-01,"Drawings",31,4449
1984-04-01,"Drawings",48,4497
1984-11-01,"Drawings",61,4558
1985-03-01,"Drawings",18,4576
1985-09-01,"Drawings",148,4724
1986-02-01,"Drawings",22,4746
1986-05-01,"Drawings",1,4747
1986-06-01,"Drawings",1,4748
1986-12-01,"Drawings",36,4784
1987-04-01,"Drawings",18,4802
1987-09-01,"Drawings",27,4829
1988-02-01,"Drawings",52,4881
1988-05-01,"Drawings",35,4916
1988-10-01,"Drawings",8,4924
1989-05-01,"Drawings",1,4925
1989-11-01,"Drawings",72,4997
1990-05-01,"Drawings",22,5019
1990-10-01,"Drawings",25,5044
1990-12-01,"Drawings",15,5059
1991-01-01,"Drawings",8,5067
1991-04-01,"Drawings",2,5069
1991-05-01,"Drawings",37,5106
1991-12-01,"Drawings",11,5117
1992-05-01,"Drawings",10,5127
1992-06-01,"Drawings",7,5134
1992-11-01,"Drawings",65,5199
1992-12-01,"Drawings",5,5204
1993-05-01,"Drawings",17,5221
1993-12-01,"Drawings",5,5226
1994-10-01,"Drawings",9,5235
1995-06-01,"Drawings",43,5278
1995-10-01,"Drawings",4,5282
1996-02-01,"Drawings",2,5284
1996-03-01,"Drawings",36,5320
1996-05-01,"Drawings",30,5350
1996-10-01,"Drawings",25,5375
1996-11-01,"Drawings",1,5376
1997-01-01,"Drawings",8,5384
1997-02-01,"Drawings",2,5386
1997-04-01,"Drawings",31,5417
1997-10-01,"Drawings",19,5436
1998-01-01,"Drawings",2,5438
1998-02-01,"Drawings",17,5455
1998-04-01,"Drawings",21,5476
1998-10-01,"Drawings",16,5492
1999-02-01,"Drawings",30,5522
1999-05-01,"Drawings",24,5546
1999-10-01,"Drawings",40,5586
2000-02-01,"Drawings",19,5605
2000-05-01,"Drawings",56,5661
2000-10-01,"Drawings",5,5666
2000-12-01,"Drawings",30,5696
2001-02-01,"Drawings",115,5811
2001-05-01,"Drawings",52,5863
2001-10-01,"Drawings",119,5982
2001-12-01,"Drawings",40,6022
2002-02-01,"Drawings",1,6023
2002-04-01,"Drawings",15,6038
2002-10-01,"Drawings",24,6062
2002-12-01,"Drawings",171,6233
2003-02-01,"Drawings",23,6256
2003-05-01,"Drawings",26,6282
2003-10-01,"Drawings",11,6293
2003-12-01,"Drawings",18,6311
2004-02-01,"Drawings",54,6365
2004-05-01,"Drawings",122,6487
2004-10-01,"Drawings",4,6491
2005-02-01,"Drawings",86,6577
2005-05-01,"Drawings",2607,9184
2005-10-01,"Drawings",56,9240
2006-02-01,"Drawings",22,9262
2006-05-01,"Drawings",24,9286
2006-10-01,"Drawings",27,9313
2006-12-01,"Drawings",12,9325
2007-04-01,"Drawings",31,9356
2007-10-01,"Drawings",115,9471
2007-12-01,"Drawings",41,9512
2008-02-01,"Drawings",32,9544
2008-04-01,"Drawings",38,9582
2008-11-01,"Drawings",105,9687
2009-02-01,"Drawings",31,9718
2009-05-01,"Drawings",7,9725
2009-10-01,"Drawings",136,9861
2010-02-01,"Drawings",49,9910
2010-05-01,"Drawings",58,9968
2010-09-01,"Drawings",29,9997
2010-10-01,"Drawings",106,10103
2010-11-01,"Drawings",2,10105
2011-01-01,"Drawings",1,10106
2011-02-01,"Drawings",107,10213
2011-05-01,"Drawings",79,10292
2011-09-01,"Drawings",46,10338
2011-12-01,"Drawings",5,10343
2012-02-01,"Drawings",106,10449
2012-04-01,"Drawings",35,10484
2012-06-01,"Drawings",5,10489
2012-10-01,"Drawings",21,10510
2013-02-01,"Drawings",59,10569
2013-05-01,"Drawings",23,10592
2013-10-01,"Drawings",13,10605
2014-02-01,"Drawings",23,10628
2014-05-01,"Drawings",22,10650
2014-10-01,"Drawings",33,10683
2014-12-01,"Drawings",23,10706
2015-04-01,"Drawings",7,10713
2015-06-01,"Drawings",42,10755
2015-10-01,"Drawings",22,10777
2016-01-01,"Drawings",86,10863
2016-04-01,"Drawings",35,10898
NA,"Drawings",36,10934
1935-01-01,"Film",4,4
1936-01-01,"Film",4,8
1936-05-01,"Film",1,9
1936-10-01,"Film",1,10
1937-01-01,"Film",3,13
1938-01-01,"Film",10,23
1938-12-01,"Film",1,24
1939-01-01,"Film",15,39
1939-11-01,"Film",1,40
1940-01-01,"Film",5,45
1940-05-01,"Film",3,48
1941-10-01,"Film",1,49
1942-09-01,"Film",1,50
1944-01-01,"Film",1,51
1947-01-01,"Film",1,52
1952-01-01,"Film",1,53
1953-01-01,"Film",2,55
1954-05-01,"Film",1,56
1955-01-01,"Film",1,57
1956-01-01,"Film",2,59
1956-04-01,"Film",1,60
1958-04-01,"Film",1,61
1968-05-01,"Film",1,62
1969-01-01,"Film",3,65
1969-12-01,"Film",1,66
1970-01-01,"Film",5,71
1970-05-01,"Film",2,73
1970-10-01,"Film",1,74
1971-01-01,"Film",4,78
1971-06-01,"Film",1,79
1972-01-01,"Film",2,81
1972-03-01,"Film",1,82
1972-08-01,"Film",3,85
1972-12-01,"Film",1,86
1973-08-01,"Film",1,87
1974-02-01,"Film",1,88
1974-07-01,"Film",1,89
1975-01-01,"Film",1,90
1976-01-01,"Film",1,91
1976-06-01,"Film",1,92
1977-01-01,"Film",3,95
1977-08-01,"Film",1,96
1977-09-01,"Film",1,97
1978-02-01,"Film",1,98
1978-06-01,"Film",3,101
1979-01-01,"Film",1,102
1979-02-01,"Film",1,103
1979-09-01,"Film",1,104
1979-12-01,"Film",1,105
1980-01-01,"Film",1,106
1980-10-01,"Film",1,107
1981-03-01,"Film",1,108
1981-12-01,"Film",1,109
1983-03-01,"Film",3,112
1984-10-01,"Film",1,113
1985-05-01,"Film",1,114
1986-01-01,"Film",2,116
1986-05-01,"Film",1,117
1988-03-01,"Film",1,118
1988-07-01,"Film",2,120
1988-08-01,"Film",1,121
1988-10-01,"Film",1,122
1989-01-01,"Film",1,123
1989-02-01,"Film",3,126
1989-03-01,"Film",2,128
1989-07-01,"Film",1,129
1989-11-01,"Film",1,130
1989-12-01,"Film",1,131
1990-04-01,"Film",1,132
1990-05-01,"Film",1,133
1990-09-01,"Film",1,134
1991-01-01,"Film",2,136
1991-05-01,"Film",1,137
1991-06-01,"Film",4,141
1991-08-01,"Film",1,142
1992-02-01,"Film",1,143
1992-07-01,"Film",1,144
1992-11-01,"Film",2,146
1992-12-01,"Film",1,147
1993-01-01,"Film",1,148
1993-06-01,"Film",1,149
1994-01-01,"Film",1,150
1995-07-01,"Film",6,156
1995-09-01,"Film",1,157
1995-10-01,"Film",1,158
1997-01-01,"Film",1,159
1997-02-01,"Film",1,160
1997-03-01,"Film",1,161
1997-12-01,"Film",1,162
1998-03-01,"Film",1,163
1998-04-01,"Film",1,164
1998-05-01,"Film",1,165
1999-02-01,"Film",4,169
1999-03-01,"Film",2,171
1999-04-01,"Film",3,174
1999-05-01,"Film",1,175
1999-09-01,"Film",1,176
1999-12-01,"Film",1,177
2000-02-01,"Film",1,178
2000-03-01,"Film",1,179
2000-12-01,"Film",1,180
2001-01-01,"Film",1,181
2001-05-01,"Film",1,182
2001-08-01,"Film",1,183
2001-09-01,"Film",1,184
2002-01-01,"Film",2,186
2002-02-01,"Film",2,188
2002-03-01,"Film",4,192
2002-04-01,"Film",8,200
2002-05-01,"Film",116,316
2002-06-01,"Film",3,319
2002-07-01,"Film",113,432
2002-08-01,"Film",4,436
2002-10-01,"Film",35,471
2002-11-01,"Film",7,478
2002-12-01,"Film",1,479
2003-01-01,"Film",4,483
2003-02-01,"Film",5,488
2003-03-01,"Film",8,496
2003-04-01,"Film",8,504
2003-05-01,"Film",25,529
2003-06-01,"Film",3,532
2003-07-01,"Film",3,535
2003-09-01,"Film",1,536
2003-10-01,"Film",1,537
2004-01-01,"Film",2,539
2004-04-01,"Film",1,540
2004-11-01,"Film",1,541
2005-01-01,"Film",4,545
2005-03-01,"Film",1,546
2005-04-01,"Film",4,550
2005-05-01,"Film",3,553
2005-06-01,"Film",12,565
2005-07-01,"Film",94,659
2005-08-01,"Film",1,660
2005-09-01,"Film",3,663
2005-12-01,"Film",2,665
2006-01-01,"Film",1,666
2006-02-01,"Film",1,667
2006-03-01,"Film",8,675
2006-04-01,"Film",2,677
2006-05-01,"Film",1,678
2006-08-01,"Film",2,680
2006-12-01,"Film",2,682
2007-01-01,"Film",5,687
2007-02-01,"Film",1,688
2007-05-01,"Film",1,689
2007-06-01,"Film",1,690
2007-07-01,"Film",5,695
2007-11-01,"Film",60,755
2008-03-01,"Film",73,828
2008-06-01,"Film",18,846
2008-12-01,"Film",37,883
2009-03-01,"Film",15,898
2009-05-01,"Film",22,920
2009-09-01,"Film",46,966
2009-10-01,"Film",1,967
2009-12-01,"Film",9,976
2010-01-01,"Film",1,977
2010-03-01,"Film",11,988
2010-06-01,"Film",19,1007
2010-07-01,"Film",1,1008
2010-10-01,"Film",33,1041
2010-12-01,"Film",3,1044
2011-01-01,"Film",4,1048
2011-03-01,"Film",44,1092
2011-05-01,"Film",51,1143
2011-06-01,"Film",1,1144
2011-09-01,"Film",1,1145
2011-10-01,"Film",61,1206
2012-01-01,"Film",3,1209
2012-02-01,"Film",103,1312
2012-04-01,"Film",487,1799
2012-07-01,"Film",1,1800
2012-10-01,"Film",89,1889
2013-01-01,"Film",1,1890
2013-02-01,"Film",30,1920
2013-05-01,"Film",141,2061
2013-06-01,"Film",1,2062
2013-10-01,"Film",85,2147
2013-11-01,"Film",2,2149
2014-02-01,"Film",76,2225
2014-05-01,"Film",15,2240
2014-10-01,"Film",18,2258
2015-02-01,"Film",15,2273
2015-05-01,"Film",40,2313
2015-10-01,"Film",71,2384
2016-02-01,"Film",56,2440
2016-05-01,"Film",58,2498
NA,"Film",342,2840
2008-10-01,"Fluxus Collection",2170,2170
1975-05-01,"Media and Performance Art",26,26
1976-01-01,"Media and Performance Art",2,28
1976-06-01,"Media and Performance Art",1,29
1976-07-01,"Media and Performance Art",2,31
1976-08-01,"Media and Performance Art",1,32
1976-11-01,"Media and Performance Art",2,34
1979-01-01,"Media and Performance Art",3,37
1979-02-01,"Media and Performance Art",11,48
1979-03-01,"Media and Performance Art",2,50
1979-04-01,"Media and Performance Art",8,58
1979-06-01,"Media and Performance Art",3,61
1979-09-01,"Media and Performance Art",4,65
1979-12-01,"Media and Performance Art",1,66
1980-01-01,"Media and Performance Art",2,68
1980-03-01,"Media and Performance Art",1,69
1980-05-01,"Media and Performance Art",3,72
1980-11-01,"Media and Performance Art",9,81
1981-01-01,"Media and Performance Art",1,82
1981-03-01,"Media and Performance Art",3,85
1981-04-01,"Media and Performance Art",2,87
1981-05-01,"Media and Performance Art",1,88
1981-10-01,"Media and Performance Art",2,90
1981-11-01,"Media and Performance Art",14,104
1982-01-01,"Media and Performance Art",3,107
1982-10-01,"Media and Performance Art",15,122
1982-11-01,"Media and Performance Art",2,124
1983-03-01,"Media and Performance Art",2,126
1983-05-01,"Media and Performance Art",1,127
1983-06-01,"Media and Performance Art",6,133
1983-07-01,"Media and Performance Art",3,136
1983-09-01,"Media and Performance Art",1,137
1983-10-01,"Media and Performance Art",1,138
1984-01-01,"Media and Performance Art",1,139
1984-06-01,"Media and Performance Art",2,141
1984-07-01,"Media and Performance Art",13,154
1984-09-01,"Media and Performance Art",43,197
1984-12-01,"Media and Performance Art",3,200
1985-01-01,"Media and Performance Art",2,202
1985-02-01,"Media and Performance Art",1,203
1985-04-01,"Media and Performance Art",1,204
1985-09-01,"Media and Performance Art",2,206
1985-10-01,"Media and Performance Art",1,207
1985-11-01,"Media and Performance Art",1,208
1985-12-01,"Media and Performance Art",6,214
1986-01-01,"Media and Performance Art",45,259
1986-03-01,"Media and Performance Art",4,263
1986-07-01,"Media and Performance Art",1,264
1986-08-01,"Media and Performance Art",3,267
1986-09-01,"Media and Performance Art",2,269
1986-10-01,"Media and Performance Art",1,270
1986-11-01,"Media and Performance Art",5,275
1986-12-01,"Media and Performance Art",1,276
1987-01-01,"Media and Performance Art",1,277
1987-04-01,"Media and Performance Art",1,278
1987-07-01,"Media and Performance Art",15,293
1988-01-01,"Media and Performance Art",6,299
1988-06-01,"Media and Performance Art",1,300
1988-08-01,"Media and Performance Art",1,301
1988-09-01,"Media and Performance Art",9,310
1988-10-01,"Media and Performance Art",2,312
1988-12-01,"Media and Performance Art",17,329
1989-01-01,"Media and Performance Art",3,332
1989-02-01,"Media and Performance Art",1,333
1989-06-01,"Media and Performance Art",1,334
1989-07-01,"Media and Performance Art",1,335
1989-12-01,"Media and Performance Art",4,339
1990-01-01,"Media and Performance Art",1,340
1990-04-01,"Media and Performance Art",7,347
1990-09-01,"Media and Performance Art",8,355
1990-10-01,"Media and Performance Art",2,357
1991-04-01,"Media and Performance Art",6,363
1991-05-01,"Media and Performance Art",2,365
1991-07-01,"Media and Performance Art",2,367
1991-11-01,"Media and Performance Art",2,369
1992-01-01,"Media and Performance Art",2,371
1992-02-01,"Media and Performance Art",9,380
1992-04-01,"Media and Performance Art",1,381
1992-06-01,"Media and Performance Art",1,382
1992-11-01,"Media and Performance Art",2,384
1992-12-01,"Media and Performance Art",3,387
1993-01-01,"Media and Performance Art",1,388
1993-06-01,"Media and Performance Art",2,390
1993-07-01,"Media and Performance Art",1,391
1993-08-01,"Media and Performance Art",1,392
1993-09-01,"Media and Performance Art",11,403
1993-10-01,"Media and Performance Art",20,423
1993-12-01,"Media and Performance Art",1,424
1994-03-01,"Media and Performance Art",3,427
1994-04-01,"Media and Performance Art",4,431
1994-05-01,"Media and Performance Art",16,447
1994-06-01,"Media and Performance Art",1,448
1994-07-01,"Media and Performance Art",5,453
1994-08-01,"Media and Performance Art",4,457
1994-09-01,"Media and Performance Art",18,475
1994-11-01,"Media and Performance Art",14,489
1994-12-01,"Media and Performance Art",4,493
1995-01-01,"Media and Performance Art",1,494
1995-07-01,"Media and Performance Art",1,495
1995-08-01,"Media and Performance Art",4,499
1997-01-01,"Media and Performance Art",1,500
1997-06-01,"Media and Performance Art",3,503
1997-07-01,"Media and Performance Art",61,564
1997-08-01,"Media and Performance Art",1,565
1997-12-01,"Media and Performance Art",5,570
1998-01-01,"Media and Performance Art",10,580
1998-03-01,"Media and Performance Art",2,582
1998-04-01,"Media and Performance Art",6,588
1998-05-01,"Media and Performance Art",22,610
1998-12-01,"Media and Performance Art",1,611
1999-01-01,"Media and Performance Art",5,616
1999-03-01,"Media and Performance Art",121,737
1999-06-01,"Media and Performance Art",10,747
1999-08-01,"Media and Performance Art",11,758
1999-09-01,"Media and Performance Art",2,760
1999-10-01,"Media and Performance Art",2,762
1999-11-01,"Media and Performance Art",2,764
2000-01-01,"Media and Performance Art",26,790
2000-03-01,"Media and Performance Art",2,792
2000-04-01,"Media and Performance Art",2,794
2000-05-01,"Media and Performance Art",6,800
2000-08-01,"Media and Performance Art",17,817
2000-10-01,"Media and Performance Art",37,854
2000-11-01,"Media and Performance Art",9,863
2000-12-01,"Media and Performance Art",7,870
2001-01-01,"Media and Performance Art",2,872
2001-03-01,"Media and Performance Art",1,873
2001-04-01,"Media and Performance Art",5,878
2001-05-01,"Media and Performance Art",1,879
2001-07-01,"Media and Performance Art",1,880
2002-01-01,"Media and Performance Art",1,881
2002-05-01,"Media and Performance Art",1,882
2002-06-01,"Media and Performance Art",4,886
2002-07-01,"Media and Performance Art",1,887
2003-03-01,"Media and Performance Art",9,896
2003-04-01,"Media and Performance Art",5,901
2003-05-01,"Media and Performance Art",2,903
2003-06-01,"Media and Performance Art",1,904
2003-07-01,"Media and Performance Art",20,924
2003-10-01,"Media and Performance Art",1,925
2003-11-01,"Media and Performance Art",1,926
2004-01-01,"Media and Performance Art",2,928
2004-02-01,"Media and Performance Art",1,929
2004-03-01,"Media and Performance Art",7,936
2004-04-01,"Media and Performance Art",2,938
2004-06-01,"Media and Performance Art",1,939
2004-07-01,"Media and Performance Art",1,940
2004-08-01,"Media and Performance Art",1,941
2004-09-01,"Media and Performance Art",1,942
2004-10-01,"Media and Performance Art",1,943
2004-11-01,"Media and Performance Art",1,944
2004-12-01,"Media and Performance Art",18,962
2005-04-01,"Media and Performance Art",4,966
2005-05-01,"Media and Performance Art",1,967
2005-06-01,"Media and Performance Art",3,970
2005-07-01,"Media and Performance Art",24,994
2005-08-01,"Media and Performance Art",17,1011
2005-09-01,"Media and Performance Art",1,1012
2005-10-01,"Media and Performance Art",12,1024
2005-11-01,"Media and Performance Art",5,1029
2005-12-01,"Media and Performance Art",1,1030
2006-01-01,"Media and Performance Art",2,1032
2006-03-01,"Media and Performance Art",1,1033
2006-04-01,"Media and Performance Art",3,1036
2006-05-01,"Media and Performance Art",2,1038
2006-06-01,"Media and Performance Art",6,1044
2006-07-01,"Media and Performance Art",5,1049
2006-12-01,"Media and Performance Art",2,1051
2007-04-01,"Media and Performance Art",165,1216
2007-09-01,"Media and Performance Art",22,1238
2007-12-01,"Media and Performance Art",242,1480
2008-03-01,"Media and Performance Art",177,1657
2008-06-01,"Media and Performance Art",44,1701
2008-10-01,"Media and Performance Art",36,1737
2009-01-01,"Media and Performance Art",22,1759
2009-04-01,"Media and Performance Art",9,1768
2009-11-01,"Media and Performance Art",23,1791
2010-05-01,"Media and Performance Art",3,1794
2011-01-01,"Media and Performance Art",41,1835
2011-03-01,"Media and Performance Art",24,1859
2011-05-01,"Media and Performance Art",87,1946
2011-09-01,"Media and Performance Art",1,1947
2011-12-01,"Media and Performance Art",25,1972
2012-02-01,"Media and Performance Art",76,2048
2012-04-01,"Media and Performance Art",29,2077
2012-06-01,"Media and Performance Art",32,2109
2012-10-01,"Media and Performance Art",2,2111
2012-11-01,"Media and Performance Art",1,2112
2013-02-01,"Media and Performance Art",48,2160
2013-05-01,"Media and Performance Art",8,2168
2013-10-01,"Media and Performance Art",8,2176
2013-12-01,"Media and Performance Art",14,2190
2014-02-01,"Media and Performance Art",15,2205
2014-05-01,"Media and Performance Art",21,2226
2014-10-01,"Media and Performance Art",9,2235
2014-12-01,"Media and Performance Art",20,2255
2015-03-01,"Media and Performance Art",139,2394
2015-05-01,"Media and Performance Art",13,2407
2015-12-01,"Media and Performance Art",88,2495
2016-05-01,"Media and Performance Art",48,2543
NA,"Media and Performance Art",60,2603
1930-01-01,"Painting & Sculpture",2,2
1930-04-01,"Painting & Sculpture",2,4
1930-10-01,"Painting & Sculpture",1,5
1931-01-01,"Painting & Sculpture",1,6
1931-03-01,"Painting & Sculpture",1,7
1932-06-01,"Painting & Sculpture",1,8
1933-03-01,"Painting & Sculpture",1,9
1933-05-01,"Painting & Sculpture",1,10
1934-01-01,"Painting & Sculpture",1,11
1934-04-01,"Painting & Sculpture",1,12
1934-05-01,"Painting & Sculpture",3,15
1934-07-01,"Painting & Sculpture",1,16
1934-09-01,"Painting & Sculpture",11,27
1934-12-01,"Painting & Sculpture",3,30
1935-06-01,"Painting & Sculpture",14,44
1935-09-01,"Painting & Sculpture",5,49
1935-11-01,"Painting & Sculpture",2,51
1935-12-01,"Painting & Sculpture",1,52
1936-01-01,"Painting & Sculpture",6,58
1936-02-01,"Painting & Sculpture",1,59
1936-04-01,"Painting & Sculpture",1,60
1936-10-01,"Painting & Sculpture",3,63
1936-12-01,"Painting & Sculpture",14,77
1937-01-01,"Painting & Sculpture",1,78
1937-02-01,"Painting & Sculpture",1,79
1937-05-01,"Painting & Sculpture",9,88
1937-09-01,"Painting & Sculpture",1,89
1937-12-01,"Painting & Sculpture",24,113
1938-02-01,"Painting & Sculpture",3,116
1938-10-01,"Painting & Sculpture",12,128
1938-11-01,"Painting & Sculpture",1,129
1939-01-01,"Painting & Sculpture",6,135
1939-02-01,"Painting & Sculpture",1,136
1939-03-01,"Painting & Sculpture",1,137
1939-04-01,"Painting & Sculpture",11,148
1939-05-01,"Painting & Sculpture",3,151
1939-08-01,"Painting & Sculpture",1,152
1939-11-01,"Painting & Sculpture",2,154
1939-12-01,"Painting & Sculpture",34,188
1940-04-01,"Painting & Sculpture",8,196
1940-05-01,"Painting & Sculpture",5,201
1940-09-01,"Painting & Sculpture",8,209
1941-01-01,"Painting & Sculpture",16,225
1941-03-01,"Painting & Sculpture",11,236
1941-06-01,"Painting & Sculpture",12,248
1941-10-01,"Painting & Sculpture",1,249
1941-12-01,"Painting & Sculpture",10,259
1942-01-01,"Painting & Sculpture",38,297
1942-03-01,"Painting & Sculpture",11,308
1942-04-01,"Painting & Sculpture",1,309
1942-05-01,"Painting & Sculpture",3,312
1942-07-01,"Painting & Sculpture",5,317
1942-11-01,"Painting & Sculpture",1,318
1942-12-01,"Painting & Sculpture",18,336
1943-02-01,"Painting & Sculpture",8,344
1943-05-01,"Painting & Sculpture",9,353
1943-07-01,"Painting & Sculpture",5,358
1943-11-01,"Painting & Sculpture",10,368
1943-12-01,"Painting & Sculpture",5,373
1944-03-01,"Painting & Sculpture",7,380
1944-05-01,"Painting & Sculpture",6,386
1944-09-01,"Painting & Sculpture",2,388
1944-11-01,"Painting & Sculpture",4,392
1945-01-01,"Painting & Sculpture",2,394
1945-03-01,"Painting & Sculpture",3,397
1945-04-01,"Painting & Sculpture",2,399
1945-06-01,"Painting & Sculpture",3,402
1945-12-01,"Painting & Sculpture",8,410
1946-05-01,"Painting & Sculpture",8,418
1946-11-01,"Painting & Sculpture",1,419
1947-03-01,"Painting & Sculpture",4,423
1947-06-01,"Painting & Sculpture",5,428
1947-10-01,"Painting & Sculpture",6,434
1947-12-01,"Painting & Sculpture",4,438
1948-03-01,"Painting & Sculpture",1,439
1948-10-01,"Painting & Sculpture",20,459
1949-02-01,"Painting & Sculpture",8,467
1949-03-01,"Painting & Sculpture",3,470
1949-05-01,"Painting & Sculpture",14,484
1949-09-01,"Painting & Sculpture",11,495
1949-11-01,"Painting & Sculpture",1,496
1950-01-01,"Painting & Sculpture",13,509
1950-02-01,"Painting & Sculpture",1,510
1950-04-01,"Painting & Sculpture",8,518
1950-10-01,"Painting & Sculpture",7,525
1950-11-01,"Painting & Sculpture",1,526
1951-01-01,"Painting & Sculpture",16,542
1951-05-01,"Painting & Sculpture",11,553
1951-09-01,"Painting & Sculpture",1,554
1951-11-01,"Painting & Sculpture",9,563
1951-12-01,"Painting & Sculpture",1,564
1952-01-01,"Painting & Sculpture",8,572
1952-03-01,"Painting & Sculpture",2,574
1952-05-01,"Painting & Sculpture",7,581
1952-10-01,"Painting & Sculpture",11,592
1952-11-01,"Painting & Sculpture",2,594
1952-12-01,"Painting & Sculpture",3,597
1953-01-01,"Painting & Sculpture",10,607
1953-04-01,"Painting & Sculpture",17,624
1953-06-01,"Painting & Sculpture",5,629
1953-11-01,"Painting & Sculpture",6,635
1953-12-01,"Painting & Sculpture",4,639
1954-01-01,"Painting & Sculpture",6,645
1954-04-01,"Painting & Sculpture",9,654
1954-06-01,"Painting & Sculpture",3,657
1954-09-01,"Painting & Sculpture",7,664
1954-12-01,"Painting & Sculpture",11,675
1955-01-01,"Painting & Sculpture",1,676
1955-04-01,"Painting & Sculpture",15,691
1955-06-01,"Painting & Sculpture",11,702
1955-10-01,"Painting & Sculpture",7,709
1955-11-01,"Painting & Sculpture",18,727
1955-12-01,"Painting & Sculpture",3,730
1956-01-01,"Painting & Sculpture",2,732
1956-02-01,"Painting & Sculpture",1,733
1956-03-01,"Painting & Sculpture",8,741
1956-04-01,"Painting & Sculpture",11,752
1956-05-01,"Painting & Sculpture",6,758
1956-06-01,"Painting & Sculpture",5,763
1956-10-01,"Painting & Sculpture",21,784
1956-11-01,"Painting & Sculpture",3,787
1956-12-01,"Painting & Sculpture",8,795
1957-02-01,"Painting & Sculpture",7,802
1957-05-01,"Painting & Sculpture",4,806
1957-10-01,"Painting & Sculpture",7,813
1957-12-01,"Painting & Sculpture",9,822
1958-02-01,"Painting & Sculpture",11,833
1958-04-01,"Painting & Sculpture",6,839
1958-10-01,"Painting & Sculpture",28,867
1958-12-01,"Painting & Sculpture",7,874
1959-03-01,"Painting & Sculpture",21,895
1959-04-01,"Painting & Sculpture",20,915
1959-06-01,"Painting & Sculpture",3,918
1959-09-01,"Painting & Sculpture",6,924
1959-10-01,"Painting & Sculpture",6,930
1959-12-01,"Painting & Sculpture",7,937
1960-02-01,"Painting & Sculpture",11,948
1960-04-01,"Painting & Sculpture",10,958
1960-05-01,"Painting & Sculpture",18,976
1960-11-01,"Painting & Sculpture",16,992
1960-12-01,"Painting & Sculpture",1,993
1961-01-01,"Painting & Sculpture",10,1003
1961-02-01,"Painting & Sculpture",7,1010
1961-03-01,"Painting & Sculpture",4,1014
1961-04-01,"Painting & Sculpture",12,1026
1961-05-01,"Painting & Sculpture",5,1031
1961-10-01,"Painting & Sculpture",17,1048
1961-11-01,"Painting & Sculpture",9,1057
1961-12-01,"Painting & Sculpture",15,1072
1962-01-01,"Painting & Sculpture",2,1074
1962-02-01,"Painting & Sculpture",8,1082
1962-03-01,"Painting & Sculpture",5,1087
1962-04-01,"Painting & Sculpture",1,1088
1962-05-01,"Painting & Sculpture",4,1092
1962-10-01,"Painting & Sculpture",8,1100
1962-11-01,"Painting & Sculpture",1,1101
1962-12-01,"Painting & Sculpture",8,1109
1963-01-01,"Painting & Sculpture",7,1116
1963-02-01,"Painting & Sculpture",9,1125
1963-03-01,"Painting & Sculpture",2,1127
1963-04-01,"Painting & Sculpture",5,1132
1963-05-01,"Painting & Sculpture",8,1140
1963-06-01,"Painting & Sculpture",7,1147
1963-10-01,"Painting & Sculpture",8,1155
1963-11-01,"Painting & Sculpture",4,1159
1963-12-01,"Painting & Sculpture",7,1166
1964-01-01,"Painting & Sculpture",1,1167
1964-02-01,"Painting & Sculpture",1,1168
1964-04-01,"Painting & Sculpture",7,1175
1964-05-01,"Painting & Sculpture",4,1179
1964-06-01,"Painting & Sculpture",12,1191
1964-10-01,"Painting & Sculpture",12,1203
1964-11-01,"Painting & Sculpture",11,1214
1964-12-01,"Painting & Sculpture",13,1227
1965-01-01,"Painting & Sculpture",10,1237
1965-02-01,"Painting & Sculpture",5,1242
1965-03-01,"Painting & Sculpture",15,1257
1965-04-01,"Painting & Sculpture",2,1259
1965-05-01,"Painting & Sculpture",8,1267
1965-06-01,"Painting & Sculpture",21,1288
1965-10-01,"Painting & Sculpture",2,1290
1965-11-01,"Painting & Sculpture",2,1292
1965-12-01,"Painting & Sculpture",5,1297
1966-01-01,"Painting & Sculpture",6,1303
1966-02-01,"Painting & Sculpture",3,1306
1966-04-01,"Painting & Sculpture",19,1325
1966-05-01,"Painting & Sculpture",4,1329
1966-06-01,"Painting & Sculpture",5,1334
1966-10-01,"Painting & Sculpture",15,1349
1966-11-01,"Painting & Sculpture",1,1350
1966-12-01,"Painting & Sculpture",8,1358
1967-01-01,"Painting & Sculpture",12,1370
1967-02-01,"Painting & Sculpture",5,1375
1967-03-01,"Painting & Sculpture",5,1380
1967-04-01,"Painting & Sculpture",2,1382
1967-05-01,"Painting & Sculpture",2,1384
1967-06-01,"Painting & Sculpture",5,1389
1967-10-01,"Painting & Sculpture",59,1448
1967-11-01,"Painting & Sculpture",5,1453
1967-12-01,"Painting & Sculpture",6,1459
1968-01-01,"Painting & Sculpture",4,1463
1968-02-01,"Painting & Sculpture",1,1464
1968-03-01,"Painting & Sculpture",8,1472
1968-04-01,"Painting & Sculpture",4,1476
1968-05-01,"Painting & Sculpture",4,1480
1968-06-01,"Painting & Sculpture",4,1484
1968-10-01,"Painting & Sculpture",6,1490
1968-11-01,"Painting & Sculpture",4,1494
1968-12-01,"Painting & Sculpture",7,1501
1969-01-01,"Painting & Sculpture",8,1509
1969-02-01,"Painting & Sculpture",3,1512
1969-03-01,"Painting & Sculpture",8,1520
1969-04-01,"Painting & Sculpture",4,1524
1969-05-01,"Painting & Sculpture",4,1528
1969-06-01,"Painting & Sculpture",10,1538
1969-07-01,"Painting & Sculpture",10,1548
1969-10-01,"Painting & Sculpture",15,1563
1969-11-01,"Painting & Sculpture",6,1569
1969-12-01,"Painting & Sculpture",5,1574
1970-01-01,"Painting & Sculpture",1,1575
1970-02-01,"Painting & Sculpture",31,1606
1970-04-01,"Painting & Sculpture",3,1609
1970-05-01,"Painting & Sculpture",3,1612
1970-10-01,"Painting & Sculpture",5,1617
1970-11-01,"Painting & Sculpture",22,1639
1970-12-01,"Painting & Sculpture",4,1643
1971-01-01,"Painting & Sculpture",7,1650
1971-02-01,"Painting & Sculpture",7,1657
1971-03-01,"Painting & Sculpture",4,1661
1971-04-01,"Painting & Sculpture",2,1663
1971-05-01,"Painting & Sculpture",5,1668
1971-10-01,"Painting & Sculpture",7,1675
1971-12-01,"Painting & Sculpture",16,1691
1972-02-01,"Painting & Sculpture",2,1693
1972-06-01,"Painting & Sculpture",3,1696
1972-10-01,"Painting & Sculpture",2,1698
1972-12-01,"Painting & Sculpture",4,1702
1973-02-01,"Painting & Sculpture",13,1715
1973-03-01,"Painting & Sculpture",2,1717
1973-05-01,"Painting & Sculpture",4,1721
1973-10-01,"Painting & Sculpture",5,1726
1973-12-01,"Painting & Sculpture",5,1731
1974-02-01,"Painting & Sculpture",1,1732
1974-03-01,"Painting & Sculpture",9,1741
1974-10-01,"Painting & Sculpture",7,1748
1974-12-01,"Painting & Sculpture",8,1756
1975-01-01,"Painting & Sculpture",1,1757
1975-02-01,"Painting & Sculpture",12,1769
1975-04-01,"Painting & Sculpture",9,1778
1975-10-01,"Painting & Sculpture",7,1785
1975-12-01,"Painting & Sculpture",11,1796
1976-03-01,"Painting & Sculpture",8,1804
1976-06-01,"Painting & Sculpture",4,1808
1976-10-01,"Painting & Sculpture",10,1818
1976-12-01,"Painting & Sculpture",12,1830
1977-01-01,"Painting & Sculpture",1,1831
1977-03-01,"Painting & Sculpture",9,1840
1977-05-01,"Painting & Sculpture",5,1845
1977-10-01,"Painting & Sculpture",4,1849
1977-12-01,"Painting & Sculpture",5,1854
1978-01-01,"Painting & Sculpture",1,1855
1978-03-01,"Painting & Sculpture",9,1864
1978-06-01,"Painting & Sculpture",11,1875
1978-10-01,"Painting & Sculpture",8,1883
1978-12-01,"Painting & Sculpture",8,1891
1979-03-01,"Painting & Sculpture",9,1900
1979-10-01,"Painting & Sculpture",38,1938
1979-12-01,"Painting & Sculpture",50,1988
1980-03-01,"Painting & Sculpture",4,1992
1980-04-01,"Painting & Sculpture",9,2001
1980-12-01,"Painting & Sculpture",12,2013
1981-04-01,"Painting & Sculpture",9,2022
1981-11-01,"Painting & Sculpture",17,2039
1982-04-01,"Painting & Sculpture",12,2051
1982-05-01,"Painting & Sculpture",1,2052
1982-10-01,"Painting & Sculpture",12,2064
1982-11-01,"Painting & Sculpture",2,2066
1983-02-01,"Painting & Sculpture",33,2099
1983-04-01,"Painting & Sculpture",4,2103
1983-10-01,"Painting & Sculpture",10,2113
1983-12-01,"Painting & Sculpture",1,2114
1984-03-01,"Painting & Sculpture",4,2118
1984-10-01,"Painting & Sculpture",10,2128
1984-12-01,"Painting & Sculpture",15,2143
1985-04-01,"Painting & Sculpture",12,2155
1985-06-01,"Painting & Sculpture",1,2156
1985-10-01,"Painting & Sculpture",101,2257
1986-01-01,"Painting & Sculpture",5,2262
1986-04-01,"Painting & Sculpture",7,2269
1986-10-01,"Painting & Sculpture",8,2277
1986-12-01,"Painting & Sculpture",10,2287
1987-05-01,"Painting & Sculpture",7,2294
1987-10-01,"Painting & Sculpture",8,2302
1987-12-01,"Painting & Sculpture",9,2311
1988-02-01,"Painting & Sculpture",6,2317
1988-04-01,"Painting & Sculpture",3,2320
1988-06-01,"Painting & Sculpture",1,2321
1988-10-01,"Painting & Sculpture",5,2326
1988-12-01,"Painting & Sculpture",1,2327
1989-03-01,"Painting & Sculpture",3,2330
1989-05-01,"Painting & Sculpture",4,2334
1989-10-01,"Painting & Sculpture",4,2338
1989-12-01,"Painting & Sculpture",3,2341
1990-03-01,"Painting & Sculpture",6,2347
1990-05-01,"Painting & Sculpture",7,2354
1990-10-01,"Painting & Sculpture",7,2361
1990-12-01,"Painting & Sculpture",25,2386
1991-01-01,"Painting & Sculpture",2,2388
1991-02-01,"Painting & Sculpture",4,2392
1991-04-01,"Painting & Sculpture",25,2417
1991-05-01,"Painting & Sculpture",3,2420
1991-10-01,"Painting & Sculpture",13,2433
1991-12-01,"Painting & Sculpture",40,2473
1992-01-01,"Painting & Sculpture",1,2474
1992-02-01,"Painting & Sculpture",2,2476
1992-03-01,"Painting & Sculpture",2,2478
1992-05-01,"Painting & Sculpture",5,2483
1992-06-01,"Painting & Sculpture",23,2506
1992-10-01,"Painting & Sculpture",5,2511
1992-12-01,"Painting & Sculpture",7,2518
1993-03-01,"Painting & Sculpture",4,2522
1993-05-01,"Painting & Sculpture",4,2526
1993-10-01,"Painting & Sculpture",3,2529
1993-12-01,"Painting & Sculpture",6,2535
1994-03-01,"Painting & Sculpture",5,2540
1994-05-01,"Painting & Sculpture",9,2549
1994-10-01,"Painting & Sculpture",16,2565
1994-12-01,"Painting & Sculpture",45,2610
1995-02-01,"Painting & Sculpture",6,2616
1995-05-01,"Painting & Sculpture",6,2622
1995-10-01,"Painting & Sculpture",3,2625
1995-12-01,"Painting & Sculpture",13,2638
1996-03-01,"Painting & Sculpture",4,2642
1996-04-01,"Painting & Sculpture",43,2685
1996-05-01,"Painting & Sculpture",2,2687
1996-10-01,"Painting & Sculpture",12,2699
1996-12-01,"Painting & Sculpture",16,2715
1997-02-01,"Painting & Sculpture",5,2720
1997-04-01,"Painting & Sculpture",3,2723
1997-06-01,"Painting & Sculpture",15,2738
1997-10-01,"Painting & Sculpture",11,2749
1997-12-01,"Painting & Sculpture",6,2755
1998-03-01,"Painting & Sculpture",4,2759
1998-05-01,"Painting & Sculpture",6,2765
1998-06-01,"Painting & Sculpture",10,2775
1998-07-01,"Painting & Sculpture",1,2776
1998-09-01,"Painting & Sculpture",5,2781
1998-10-01,"Painting & Sculpture",11,2792
1998-12-01,"Painting & Sculpture",10,2802
1999-02-01,"Painting & Sculpture",6,2808
1999-05-01,"Painting & Sculpture",8,2816
1999-10-01,"Painting & Sculpture",12,2828
1999-12-01,"Painting & Sculpture",9,2837
2000-01-01,"Painting & Sculpture",1,2838
2000-02-01,"Painting & Sculpture",3,2841
2000-04-01,"Painting & Sculpture",30,2871
2000-11-01,"Painting & Sculpture",9,2880
2001-02-01,"Painting & Sculpture",11,2891
2001-04-01,"Painting & Sculpture",6,2897
2001-05-01,"Painting & Sculpture",1,2898
2001-11-01,"Painting & Sculpture",11,2909
2002-02-01,"Painting & Sculpture",5,2914
2002-04-01,"Painting & Sculpture",20,2934
2002-05-01,"Painting & Sculpture",4,2938
2002-10-01,"Painting & Sculpture",5,2943
2003-02-01,"Painting & Sculpture",2,2945
2003-05-01,"Painting & Sculpture",3,2948
2003-10-01,"Painting & Sculpture",6,2954
2003-12-01,"Painting & Sculpture",3,2957
2004-03-01,"Painting & Sculpture",19,2976
2004-06-01,"Painting & Sculpture",26,3002
2004-08-01,"Painting & Sculpture",1,3003
2004-09-01,"Painting & Sculpture",1,3004
2005-02-01,"Painting & Sculpture",5,3009
2005-05-01,"Painting & Sculpture",13,3022
2005-06-01,"Painting & Sculpture",1,3023
2005-09-01,"Painting & Sculpture",7,3030
2005-10-01,"Painting & Sculpture",108,3138
2005-12-01,"Painting & Sculpture",17,3155
2006-02-01,"Painting & Sculpture",15,3170
2006-05-01,"Painting & Sculpture",11,3181
2006-10-01,"Painting & Sculpture",1,3182
2006-11-01,"Painting & Sculpture",7,3189
2007-02-01,"Painting & Sculpture",12,3201
2007-04-01,"Painting & Sculpture",5,3206
2007-05-01,"Painting & Sculpture",2,3208
2007-10-01,"Painting & Sculpture",9,3217
2007-12-01,"Painting & Sculpture",13,3230
2008-03-01,"Painting & Sculpture",8,3238
2008-06-01,"Painting & Sculpture",15,3253
2008-07-01,"Painting & Sculpture",9,3262
2008-11-01,"Painting & Sculpture",14,3276
2009-02-01,"Painting & Sculpture",7,3283
2009-05-01,"Painting & Sculpture",15,3298
2009-09-01,"Painting & Sculpture",6,3304
2009-11-01,"Painting & Sculpture",4,3308
2010-03-01,"Painting & Sculpture",33,3341
2010-06-01,"Painting & Sculpture",17,3358
2010-09-01,"Painting & Sculpture",8,3366
2010-12-01,"Painting & Sculpture",76,3442
2011-02-01,"Painting & Sculpture",11,3453
2011-05-01,"Painting & Sculpture",52,3505
2011-09-01,"Painting & Sculpture",14,3519
2011-12-01,"Painting & Sculpture",12,3531
2012-02-01,"Painting & Sculpture",8,3539
2012-06-01,"Painting & Sculpture",19,3558
2012-09-01,"Painting & Sculpture",12,3570
2012-11-01,"Painting & Sculpture",1,3571
2012-12-01,"Painting & Sculpture",6,3577
2013-02-01,"Painting & Sculpture",15,3592
2013-05-01,"Painting & Sculpture",20,3612
2013-10-01,"Painting & Sculpture",17,3629
2013-12-01,"Painting & Sculpture",16,3645
2014-02-01,"Painting & Sculpture",11,3656
2014-05-01,"Painting & Sculpture",10,3666
2014-09-01,"Painting & Sculpture",10,3676
2014-12-01,"Painting & Sculpture",11,3687
2015-03-01,"Painting & Sculpture",10,3697
2015-06-01,"Painting & Sculpture",27,3724
2015-10-01,"Painting & Sculpture",17,3741
2016-01-01,"Painting & Sculpture",12,3753
2016-04-01,"Painting & Sculpture",6,3759
2016-06-01,"Painting & Sculpture",19,3778
NA,"Painting & Sculpture",3,3781
1932-12-01,"Photography",1,1
1933-04-01,"Photography",92,93
1934-05-01,"Photography",2,95
1935-11-01,"Photography",24,119
1937-03-01,"Photography",47,166
1937-12-01,"Photography",10,176
1938-10-01,"Photography",85,261
1939-01-01,"Photography",51,312
1940-04-01,"Photography",123,435
1940-06-01,"Photography",2,437
1941-01-01,"Photography",420,857
1941-06-01,"Photography",65,922
1941-12-01,"Photography",126,1048
1942-01-01,"Photography",19,1067
1942-03-01,"Photography",11,1078
1942-05-01,"Photography",57,1135
1942-06-01,"Photography",1,1136
1942-12-01,"Photography",130,1266
1943-02-01,"Photography",19,1285
1943-05-01,"Photography",19,1304
1943-11-01,"Photography",90,1394
1944-03-01,"Photography",42,1436
1944-05-01,"Photography",38,1474
1944-11-01,"Photography",33,1507
1946-05-01,"Photography",32,1539
1947-06-01,"Photography",13,1552
1947-10-01,"Photography",23,1575
1948-03-01,"Photography",1,1576
1950-01-01,"Photography",52,1628
1950-04-01,"Photography",40,1668
1952-05-01,"Photography",16,1684
1953-04-01,"Photography",51,1735
1954-01-01,"Photography",34,1769
1954-04-01,"Photography",10,1779
1955-11-01,"Photography",4,1783
1956-10-01,"Photography",64,1847
1957-10-01,"Photography",26,1873
1959-04-01,"Photography",448,2321
1959-12-01,"Photography",4,2325
1960-04-01,"Photography",1,2326
1960-05-01,"Photography",1,2327
1960-11-01,"Photography",102,2429
1961-01-01,"Photography",10,2439
1961-05-01,"Photography",121,2560
1961-11-01,"Photography",14,2574
1961-12-01,"Photography",6,2580
1962-01-01,"Photography",32,2612
1962-02-01,"Photography",7,2619
1962-04-01,"Photography",11,2630
1962-05-01,"Photography",46,2676
1962-11-01,"Photography",59,2735
1963-01-01,"Photography",49,2784
1963-02-01,"Photography",22,2806
1963-03-01,"Photography",11,2817
1963-05-01,"Photography",28,2845
1963-10-01,"Photography",18,2863
1964-01-01,"Photography",210,3073
1964-02-01,"Photography",163,3236
1964-03-01,"Photography",29,3265
1964-04-01,"Photography",79,3344
1964-05-01,"Photography",21,3365
1964-06-01,"Photography",21,3386
1964-11-01,"Photography",55,3441
1965-01-01,"Photography",20,3461
1965-04-01,"Photography",70,3531
1965-05-01,"Photography",11,3542
1965-11-01,"Photography",253,3795
1966-01-01,"Photography",81,3876
1966-04-01,"Photography",38,3914
1966-05-01,"Photography",1,3915
1966-10-01,"Photography",50,3965
1967-03-01,"Photography",63,4028
1967-06-01,"Photography",83,4111
1967-11-01,"Photography",86,4197
1967-12-01,"Photography",108,4305
1968-01-01,"Photography",86,4391
1968-03-01,"Photography",4992,9383
1968-05-01,"Photography",287,9670
1968-11-01,"Photography",115,9785
1969-01-01,"Photography",49,9834
1969-03-01,"Photography",107,9941
1969-05-01,"Photography",93,10034
1969-11-01,"Photography",57,10091
1970-01-01,"Photography",89,10180
1970-03-01,"Photography",21,10201
1970-05-01,"Photography",32,10233
1970-10-01,"Photography",125,10358
1971-01-01,"Photography",32,10390
1971-02-01,"Photography",3,10393
1971-03-01,"Photography",45,10438
1971-05-01,"Photography",77,10515
1971-11-01,"Photography",348,10863
1972-01-01,"Photography",1,10864
1972-02-01,"Photography",2,10866
1972-03-01,"Photography",80,10946
1972-05-01,"Photography",70,11016
1972-11-01,"Photography",129,11145
1973-02-01,"Photography",72,11217
1973-03-01,"Photography",1,11218
1973-05-01,"Photography",51,11269
1973-11-01,"Photography",137,11406
1974-01-01,"Photography",72,11478
1974-04-01,"Photography",258,11736
1974-06-01,"Photography",58,11794
1974-10-01,"Photography",114,11908
1974-12-01,"Photography",77,11985
1975-02-01,"Photography",98,12083
1975-05-01,"Photography",156,12239
1975-10-01,"Photography",44,12283
1976-02-01,"Photography",80,12363
1976-04-01,"Photography",48,12411
1976-06-01,"Photography",24,12435
1976-10-01,"Photography",107,12542
1976-12-01,"Photography",99,12641
1977-02-01,"Photography",1,12642
1977-03-01,"Photography",119,12761
1977-06-01,"Photography",84,12845
1977-10-01,"Photography",59,12904
1977-12-01,"Photography",34,12938
1978-02-01,"Photography",7,12945
1978-05-01,"Photography",87,13032
1978-10-01,"Photography",55,13087
1978-12-01,"Photography",89,13176
1979-02-01,"Photography",27,13203
1979-05-01,"Photography",67,13270
1979-10-01,"Photography",83,13353
1979-12-01,"Photography",85,13438
1980-03-01,"Photography",58,13496
1980-05-01,"Photography",20,13516
1980-08-01,"Photography",25,13541
1980-10-01,"Photography",91,13632
1981-02-01,"Photography",288,13920
1981-03-01,"Photography",2,13922
1981-05-01,"Photography",30,13952
1981-10-01,"Photography",142,14094
1981-11-01,"Photography",1,14095
1981-12-01,"Photography",239,14334
1982-03-01,"Photography",77,14411
1982-05-01,"Photography",150,14561
1982-10-01,"Photography",74,14635
1983-01-01,"Photography",207,14842
1983-03-01,"Photography",106,14948
1983-05-01,"Photography",29,14977
1983-11-01,"Photography",72,15049
1984-01-01,"Photography",44,15093
1984-03-01,"Photography",44,15137
1984-05-01,"Photography",27,15164
1984-12-01,"Photography",173,15337
1985-03-01,"Photography",80,15417
1985-05-01,"Photography",29,15446
1985-10-01,"Photography",63,15509
1986-01-01,"Photography",82,15591
1986-03-01,"Photography",25,15616
1986-05-01,"Photography",128,15744
1986-10-01,"Photography",36,15780
1986-12-01,"Photography",38,15818
1987-02-01,"Photography",41,15859
1987-04-01,"Photography",33,15892
1987-10-01,"Photography",54,15946
1987-12-01,"Photography",167,16113
1988-03-01,"Photography",56,16169
1988-06-01,"Photography",17,16186
1988-10-01,"Photography",60,16246
1988-12-01,"Photography",43,16289
1989-03-01,"Photography",94,16383
1989-06-01,"Photography",185,16568
1989-10-01,"Photography",57,16625
1989-12-01,"Photography",40,16665
1990-06-01,"Photography",100,16765
1990-10-01,"Photography",25,16790
1990-12-01,"Photography",128,16918
1991-03-01,"Photography",29,16947
1991-06-01,"Photography",75,17022
1991-10-01,"Photography",89,17111
1992-01-01,"Photography",108,17219
1992-04-01,"Photography",32,17251
1992-06-01,"Photography",67,17318
1992-10-01,"Photography",100,17418
1992-12-01,"Photography",16,17434
1993-03-01,"Photography",121,17555
1993-06-01,"Photography",76,17631
1993-10-01,"Photography",61,17692
1994-01-01,"Photography",107,17799
1994-03-01,"Photography",39,17838
1994-06-01,"Photography",91,17929
1994-10-01,"Photography",64,17993
1994-12-01,"Photography",32,18025
1995-03-01,"Photography",25,18050
1995-05-01,"Photography",1,18051
1995-06-01,"Photography",457,18508
1995-09-01,"Photography",1,18509
1995-12-01,"Photography",90,18599
1996-06-01,"Photography",105,18704
1996-08-01,"Photography",1,18705
1996-10-01,"Photography",42,18747
1996-12-01,"Photography",48,18795
1997-01-01,"Photography",1,18796
1997-03-01,"Photography",33,18829
1997-06-01,"Photography",41,18870
1997-10-01,"Photography",75,18945
1997-12-01,"Photography",29,18974
1998-03-01,"Photography",96,19070
1998-06-01,"Photography",166,19236
1998-10-01,"Photography",49,19285
1998-12-01,"Photography",265,19550
1999-03-01,"Photography",30,19580
1999-06-01,"Photography",65,19645
1999-10-01,"Photography",46,19691
1999-12-01,"Photography",23,19714
2000-03-01,"Photography",18,19732
2000-10-01,"Photography",876,20608
2000-12-01,"Photography",10,20618
2001-01-01,"Photography",1,20619
2001-04-01,"Photography",161,20780
2001-06-01,"Photography",480,21260
2001-10-01,"Photography",3,21263
2001-12-01,"Photography",363,21626
2002-04-01,"Photography",17,21643
2002-06-01,"Photography",54,21697
2002-10-01,"Photography",23,21720
2002-12-01,"Photography",16,21736
2003-02-01,"Photography",5,21741
2003-04-01,"Photography",28,21769
2003-10-01,"Photography",81,21850
2003-12-01,"Photography",12,21862
2004-01-01,"Photography",1,21863
2004-05-01,"Photography",79,21942
2004-10-01,"Photography",57,21999
2005-01-01,"Photography",64,22063
2005-05-01,"Photography",233,22296
2005-10-01,"Photography",43,22339
2006-01-01,"Photography",75,22414
2006-05-01,"Photography",169,22583
2006-10-01,"Photography",92,22675
2007-02-01,"Photography",61,22736
2007-04-01,"Photography",2,22738
2007-05-01,"Photography",93,22831
2007-10-01,"Photography",265,23096
2008-02-01,"Photography",80,23176
2008-05-01,"Photography",109,23285
2008-11-01,"Photography",78,23363
2009-01-01,"Photography",1,23364
2009-02-01,"Photography",147,23511
2009-04-01,"Photography",1,23512
2009-05-01,"Photography",119,23631
2009-10-01,"Photography",120,23751
2010-02-01,"Photography",55,23806
2010-05-01,"Photography",70,23876
2010-10-01,"Photography",536,24412
2011-02-01,"Photography",27,24439
2011-05-01,"Photography",196,24635
2011-10-01,"Photography",146,24781
2011-12-01,"Photography",6,24787
2012-02-01,"Photography",78,24865
2012-05-01,"Photography",97,24962
2012-10-01,"Photography",126,25088
2013-02-01,"Photography",177,25265
2013-05-01,"Photography",223,25488
2013-10-01,"Photography",856,26344
2013-12-01,"Photography",1,26345
2014-02-01,"Photography",121,26466
2014-05-01,"Photography",447,26913
2014-10-01,"Photography",242,27155
2015-01-01,"Photography",64,27219
2015-05-01,"Photography",864,28083
2015-10-01,"Photography",39,28122
2016-01-01,"Photography",174,28296
2016-05-01,"Photography",101,28397
NA,"Photography",441,28838
1929-11-01,"Prints & Illustrated Books",8,8
1930-06-01,"Prints & Illustrated Books",1,9
1931-01-01,"Prints & Illustrated Books",1,10
1932-05-01,"Prints & Illustrated Books",9,19
1932-12-01,"Prints & Illustrated Books",1,20
1933-01-01,"Prints & Illustrated Books",2,22
1934-03-01,"Prints & Illustrated Books",3,25
1934-04-01,"Prints & Illustrated Books",6,31
1934-05-01,"Prints & Illustrated Books",64,95
1934-07-01,"Prints & Illustrated Books",51,146
1934-09-01,"Prints & Illustrated Books",42,188
1934-12-01,"Prints & Illustrated Books",1,189
1935-02-01,"Prints & Illustrated Books",1,190
1935-04-01,"Prints & Illustrated Books",8,198
1935-11-01,"Prints & Illustrated Books",34,232
1936-01-01,"Prints & Illustrated Books",1,233
1936-05-01,"Prints & Illustrated Books",3,236
1937-12-01,"Prints & Illustrated Books",6,242
1938-10-01,"Prints & Illustrated Books",7,249
1939-01-01,"Prints & Illustrated Books",44,293
1939-05-01,"Prints & Illustrated Books",1,294
1939-12-01,"Prints & Illustrated Books",28,322
1940-04-01,"Prints & Illustrated Books",1241,1563
1940-05-01,"Prints & Illustrated Books",2,1565
1940-06-01,"Prints & Illustrated Books",1,1566
1940-09-01,"Prints & Illustrated Books",8,1574
1941-01-01,"Prints & Illustrated Books",32,1606
1941-03-01,"Prints & Illustrated Books",11,1617
1941-06-01,"Prints & Illustrated Books",20,1637
1941-11-01,"Prints & Illustrated Books",1,1638
1941-12-01,"Prints & Illustrated Books",22,1660
1942-01-01,"Prints & Illustrated Books",3,1663
1942-03-01,"Prints & Illustrated Books",2,1665
1942-05-01,"Prints & Illustrated Books",15,1680
1942-07-01,"Prints & Illustrated Books",3,1683
1942-09-01,"Prints & Illustrated Books",1,1684
1942-11-01,"Prints & Illustrated Books",78,1762
1942-12-01,"Prints & Illustrated Books",118,1880
1943-02-01,"Prints & Illustrated Books",27,1907
1943-05-01,"Prints & Illustrated Books",3,1910
1943-09-01,"Prints & Illustrated Books",1,1911
1943-11-01,"Prints & Illustrated Books",53,1964
1943-12-01,"Prints & Illustrated Books",1,1965
1944-03-01,"Prints & Illustrated Books",11,1976
1944-05-01,"Prints & Illustrated Books",6,1982
1944-06-01,"Prints & Illustrated Books",3,1985
1944-09-01,"Prints & Illustrated Books",37,2022
1944-11-01,"Prints & Illustrated Books",41,2063
1944-12-01,"Prints & Illustrated Books",29,2092
1945-01-01,"Prints & Illustrated Books",32,2124
1945-03-01,"Prints & Illustrated Books",7,2131
1945-04-01,"Prints & Illustrated Books",33,2164
1945-06-01,"Prints & Illustrated Books",3,2167
1945-09-01,"Prints & Illustrated Books",1,2168
1945-12-01,"Prints & Illustrated Books",6,2174
1946-01-01,"Prints & Illustrated Books",1,2175
1946-05-01,"Prints & Illustrated Books",28,2203
1946-07-01,"Prints & Illustrated Books",61,2264
1947-03-01,"Prints & Illustrated Books",77,2341
1947-06-01,"Prints & Illustrated Books",12,2353
1947-10-01,"Prints & Illustrated Books",30,2383
1947-12-01,"Prints & Illustrated Books",100,2483
1948-03-01,"Prints & Illustrated Books",30,2513
1948-10-01,"Prints & Illustrated Books",202,2715
1949-03-01,"Prints & Illustrated Books",287,3002
1949-04-01,"Prints & Illustrated Books",2,3004
1949-05-01,"Prints & Illustrated Books",71,3075
1949-09-01,"Prints & Illustrated Books",1110,4185
1949-10-01,"Prints & Illustrated Books",4,4189
1950-04-01,"Prints & Illustrated Books",1,4190
1950-06-01,"Prints & Illustrated Books",25,4215
1950-10-01,"Prints & Illustrated Books",147,4362
1950-11-01,"Prints & Illustrated Books",32,4394
1951-01-01,"Prints & Illustrated Books",87,4481
1951-05-01,"Prints & Illustrated Books",272,4753
1951-11-01,"Prints & Illustrated Books",63,4816
1952-01-01,"Prints & Illustrated Books",33,4849
1952-05-01,"Prints & Illustrated Books",177,5026
1952-11-01,"Prints & Illustrated Books",204,5230
1953-01-01,"Prints & Illustrated Books",72,5302
1953-04-01,"Prints & Illustrated Books",15,5317
1953-06-01,"Prints & Illustrated Books",84,5401
1954-01-01,"Prints & Illustrated Books",57,5458
1954-04-01,"Prints & Illustrated Books",243,5701
1954-09-01,"Prints & Illustrated Books",251,5952
1954-12-01,"Prints & Illustrated Books",63,6015
1955-04-01,"Prints & Illustrated Books",131,6146
1955-10-01,"Prints & Illustrated Books",124,6270
1955-11-01,"Prints & Illustrated Books",24,6294
1956-02-01,"Prints & Illustrated Books",1,6295
1956-03-01,"Prints & Illustrated Books",279,6574
1956-05-01,"Prints & Illustrated Books",1,6575
1956-10-01,"Prints & Illustrated Books",167,6742
1956-12-01,"Prints & Illustrated Books",241,6983
1957-02-01,"Prints & Illustrated Books",1,6984
1957-05-01,"Prints & Illustrated Books",45,7029
1957-09-01,"Prints & Illustrated Books",1,7030
1957-10-01,"Prints & Illustrated Books",39,7069
1957-12-01,"Prints & Illustrated Books",16,7085
1958-02-01,"Prints & Illustrated Books",98,7183
1958-09-01,"Prints & Illustrated Books",1,7184
1958-12-01,"Prints & Illustrated Books",329,7513
1959-03-01,"Prints & Illustrated Books",139,7652
1959-04-01,"Prints & Illustrated Books",106,7758
1959-10-01,"Prints & Illustrated Books",53,7811
1960-02-01,"Prints & Illustrated Books",1,7812
1960-05-01,"Prints & Illustrated Books",140,7952
1960-09-01,"Prints & Illustrated Books",8,7960
1961-01-01,"Prints & Illustrated Books",53,8013
1961-02-01,"Prints & Illustrated Books",2,8015
1961-03-01,"Prints & Illustrated Books",1,8016
1961-12-01,"Prints & Illustrated Books",160,8176
1962-01-01,"Prints & Illustrated Books",54,8230
1962-05-01,"Prints & Illustrated Books",140,8370
1962-10-01,"Prints & Illustrated Books",6,8376
1962-12-01,"Prints & Illustrated Books",66,8442
1963-02-01,"Prints & Illustrated Books",63,8505
1963-03-01,"Prints & Illustrated Books",6,8511
1963-04-01,"Prints & Illustrated Books",66,8577
1963-05-01,"Prints & Illustrated Books",49,8626
1963-06-01,"Prints & Illustrated Books",66,8692
1963-10-01,"Prints & Illustrated Books",56,8748
1963-12-01,"Prints & Illustrated Books",74,8822
1964-01-01,"Prints & Illustrated Books",127,8949
1964-02-01,"Prints & Illustrated Books",52,9001
1964-03-01,"Prints & Illustrated Books",57,9058
1964-04-01,"Prints & Illustrated Books",56,9114
1964-06-01,"Prints & Illustrated Books",45,9159
1964-10-01,"Prints & Illustrated Books",11176,20335
1964-11-01,"Prints & Illustrated Books",94,20429
1964-12-01,"Prints & Illustrated Books",10,20439
1965-01-01,"Prints & Illustrated Books",40,20479
1965-02-01,"Prints & Illustrated Books",32,20511
1965-03-01,"Prints & Illustrated Books",18,20529
1965-04-01,"Prints & Illustrated Books",295,20824
1965-05-01,"Prints & Illustrated Books",101,20925
1965-06-01,"Prints & Illustrated Books",137,21062
1965-10-01,"Prints & Illustrated Books",119,21181
1965-11-01,"Prints & Illustrated Books",601,21782
1965-12-01,"Prints & Illustrated Books",68,21850
1966-01-01,"Prints & Illustrated Books",124,21974
1966-02-01,"Prints & Illustrated Books",18,21992
1966-04-01,"Prints & Illustrated Books",1,21993
1966-05-01,"Prints & Illustrated Books",384,22377
1966-10-01,"Prints & Illustrated Books",29,22406
1966-11-01,"Prints & Illustrated Books",352,22758
1966-12-01,"Prints & Illustrated Books",352,23110
1967-02-01,"Prints & Illustrated Books",237,23347
1967-04-01,"Prints & Illustrated Books",251,23598
1967-05-01,"Prints & Illustrated Books",1,23599
1967-06-01,"Prints & Illustrated Books",69,23668
1967-10-01,"Prints & Illustrated Books",425,24093
1967-12-01,"Prints & Illustrated Books",550,24643
1968-02-01,"Prints & Illustrated Books",234,24877
1968-04-01,"Prints & Illustrated Books",65,24942
1968-06-01,"Prints & Illustrated Books",125,25067
1968-10-01,"Prints & Illustrated Books",228,25295
1968-12-01,"Prints & Illustrated Books",254,25549
1969-02-01,"Prints & Illustrated Books",90,25639
1969-03-01,"Prints & Illustrated Books",1,25640
1969-04-01,"Prints & Illustrated Books",167,25807
1969-05-01,"Prints & Illustrated Books",164,25971
1969-10-01,"Prints & Illustrated Books",264,26235
1969-12-01,"Prints & Illustrated Books",920,27155
1970-01-01,"Prints & Illustrated Books",1,27156
1970-03-01,"Prints & Illustrated Books",258,27414
1970-05-01,"Prints & Illustrated Books",181,27595
1970-10-01,"Prints & Illustrated Books",167,27762
1970-12-01,"Prints & Illustrated Books",47,27809
1971-03-01,"Prints & Illustrated Books",134,27943
1971-05-01,"Prints & Illustrated Books",61,28004
1971-10-01,"Prints & Illustrated Books",130,28134
1971-12-01,"Prints & Illustrated Books",67,28201
1972-01-01,"Prints & Illustrated Books",8,28209
1972-02-01,"Prints & Illustrated Books",115,28324
1972-05-01,"Prints & Illustrated Books",69,28393
1972-10-01,"Prints & Illustrated Books",222,28615
1973-01-01,"Prints & Illustrated Books",321,28936
1973-05-01,"Prints & Illustrated Books",142,29078
1973-06-01,"Prints & Illustrated Books",1,29079
1973-10-01,"Prints & Illustrated Books",201,29280
1973-12-01,"Prints & Illustrated Books",2,29282
1974-01-01,"Prints & Illustrated Books",1668,30950
1974-04-01,"Prints & Illustrated Books",124,31074
1974-09-01,"Prints & Illustrated Books",95,31169
1975-01-01,"Prints & Illustrated Books",172,31341
1975-05-01,"Prints & Illustrated Books",305,31646
1975-10-01,"Prints & Illustrated Books",47,31693
1976-01-01,"Prints & Illustrated Books",120,31813
1976-05-01,"Prints & Illustrated Books",58,31871
1976-11-01,"Prints & Illustrated Books",162,32033
1977-01-01,"Prints & Illustrated Books",4,32037
1977-02-01,"Prints & Illustrated Books",117,32154
1977-05-01,"Prints & Illustrated Books",136,32290
1977-11-01,"Prints & Illustrated Books",302,32592
1978-03-01,"Prints & Illustrated Books",46,32638
1978-05-01,"Prints & Illustrated Books",260,32898
1978-10-01,"Prints & Illustrated Books",380,33278
1979-01-01,"Prints & Illustrated Books",194,33472
1979-05-01,"Prints & Illustrated Books",88,33560
1979-11-01,"Prints & Illustrated Books",1,33561
1979-12-01,"Prints & Illustrated Books",254,33815
1980-01-01,"Prints & Illustrated Books",2,33817
1980-02-01,"Prints & Illustrated Books",92,33909
1980-04-01,"Prints & Illustrated Books",22,33931
1980-10-01,"Prints & Illustrated Books",93,34024
1981-01-01,"Prints & Illustrated Books",70,34094
1981-05-01,"Prints & Illustrated Books",116,34210
1981-10-01,"Prints & Illustrated Books",143,34353
1982-01-01,"Prints & Illustrated Books",76,34429
1982-05-01,"Prints & Illustrated Books",184,34613
1982-10-01,"Prints & Illustrated Books",98,34711
1983-01-01,"Prints & Illustrated Books",141,34852
1983-05-01,"Prints & Illustrated Books",139,34991
1983-09-01,"Prints & Illustrated Books",89,35080
1983-10-01,"Prints & Illustrated Books",4,35084
1984-02-01,"Prints & Illustrated Books",74,35158
1984-05-01,"Prints & Illustrated Books",60,35218
1984-06-01,"Prints & Illustrated Books",2,35220
1984-10-01,"Prints & Illustrated Books",144,35364
1985-01-01,"Prints & Illustrated Books",128,35492
1985-06-01,"Prints & Illustrated Books",223,35715
1985-10-01,"Prints & Illustrated Books",120,35835
1986-01-01,"Prints & Illustrated Books",200,36035
1986-05-01,"Prints & Illustrated Books",147,36182
1986-10-01,"Prints & Illustrated Books",137,36319
1987-01-01,"Prints & Illustrated Books",313,36632
1987-05-01,"Prints & Illustrated Books",198,36830
1987-10-01,"Prints & Illustrated Books",227,37057
1988-01-01,"Prints & Illustrated Books",264,37321
1988-05-01,"Prints & Illustrated Books",148,37469
1988-06-01,"Prints & Illustrated Books",1,37470
1988-10-01,"Prints & Illustrated Books",202,37672
1989-01-01,"Prints & Illustrated Books",90,37762
1989-05-01,"Prints & Illustrated Books",123,37885
1989-10-01,"Prints & Illustrated Books",147,38032
1989-12-01,"Prints & Illustrated Books",4,38036
1990-01-01,"Prints & Illustrated Books",100,38136
1990-05-01,"Prints & Illustrated Books",396,38532
1990-10-01,"Prints & Illustrated Books",205,38737
1990-12-01,"Prints & Illustrated Books",15,38752
1991-01-01,"Prints & Illustrated Books",212,38964
1991-02-01,"Prints & Illustrated Books",13,38977
1991-05-01,"Prints & Illustrated Books",59,39036
1991-10-01,"Prints & Illustrated Books",156,39192
1992-01-01,"Prints & Illustrated Books",231,39423
1992-05-01,"Prints & Illustrated Books",307,39730
1992-11-01,"Prints & Illustrated Books",119,39849
1993-01-01,"Prints & Illustrated Books",309,40158
1993-05-01,"Prints & Illustrated Books",57,40215
1993-11-01,"Prints & Illustrated Books",448,40663
1993-12-01,"Prints & Illustrated Books",11,40674
1994-01-01,"Prints & Illustrated Books",153,40827
1994-05-01,"Prints & Illustrated Books",66,40893
1994-11-01,"Prints & Illustrated Books",113,41006
1995-01-01,"Prints & Illustrated Books",52,41058
1995-05-01,"Prints & Illustrated Books",29,41087
1995-11-01,"Prints & Illustrated Books",99,41186
1996-03-01,"Prints & Illustrated Books",134,41320
1996-05-01,"Prints & Illustrated Books",55,41375
1996-11-01,"Prints & Illustrated Books",210,41585
1997-03-01,"Prints & Illustrated Books",104,41689
1997-05-01,"Prints & Illustrated Books",188,41877
1997-11-01,"Prints & Illustrated Books",198,42075
1998-03-01,"Prints & Illustrated Books",302,42377
1998-05-01,"Prints & Illustrated Books",53,42430
1998-06-01,"Prints & Illustrated Books",1,42431
1998-11-01,"Prints & Illustrated Books",49,42480
1999-03-01,"Prints & Illustrated Books",84,42564
1999-05-01,"Prints & Illustrated Books",356,42920
1999-11-01,"Prints & Illustrated Books",136,43056
2000-03-01,"Prints & Illustrated Books",160,43216
2000-05-01,"Prints & Illustrated Books",1,43217
2000-11-01,"Prints & Illustrated Books",120,43337
2001-01-01,"Prints & Illustrated Books",1596,44933
2001-05-01,"Prints & Illustrated Books",193,45126
2001-11-01,"Prints & Illustrated Books",124,45250
2002-04-01,"Prints & Illustrated Books",93,45343
2002-06-01,"Prints & Illustrated Books",30,45373
2002-11-01,"Prints & Illustrated Books",109,45482
2003-03-01,"Prints & Illustrated Books",39,45521
2003-06-01,"Prints & Illustrated Books",61,45582
2003-11-01,"Prints & Illustrated Books",65,45647
2004-03-01,"Prints & Illustrated Books",96,45743
2004-05-01,"Prints & Illustrated Books",2,45745
2004-06-01,"Prints & Illustrated Books",64,45809
2004-10-01,"Prints & Illustrated Books",92,45901
2005-02-01,"Prints & Illustrated Books",2,45903
2005-03-01,"Prints & Illustrated Books",131,46034
2005-06-01,"Prints & Illustrated Books",314,46348
2005-10-01,"Prints & Illustrated Books",97,46445
2006-03-01,"Prints & Illustrated Books",205,46650
2006-04-01,"Prints & Illustrated Books",14,46664
2006-06-01,"Prints & Illustrated Books",547,47211
2006-11-01,"Prints & Illustrated Books",121,47332
2007-03-01,"Prints & Illustrated Books",100,47432
2007-04-01,"Prints & Illustrated Books",8,47440
2007-06-01,"Prints & Illustrated Books",62,47502
2007-11-01,"Prints & Illustrated Books",675,48177
2008-03-01,"Prints & Illustrated Books",183,48360
2008-06-01,"Prints & Illustrated Books",650,49010
2008-10-01,"Prints & Illustrated Books",2882,51892
2009-01-01,"Prints & Illustrated Books",70,51962
2009-04-01,"Prints & Illustrated Books",168,52130
2009-11-01,"Prints & Illustrated Books",431,52561
2010-03-01,"Prints & Illustrated Books",79,52640
2010-06-01,"Prints & Illustrated Books",223,52863
2010-11-01,"Prints & Illustrated Books",555,53418
2011-03-01,"Prints & Illustrated Books",163,53581
2011-05-01,"Prints & Illustrated Books",433,54014
2011-10-01,"Prints & Illustrated Books",122,54136
2011-12-01,"Prints & Illustrated Books",5,54141
2012-02-01,"Prints & Illustrated Books",488,54629
2012-05-01,"Prints & Illustrated Books",167,54796
2012-10-01,"Prints & Illustrated Books",732,55528
2013-02-01,"Prints & Illustrated Books",661,56189
2013-05-01,"Prints & Illustrated Books",96,56285
2013-10-01,"Prints & Illustrated Books",545,56830
2014-02-01,"Prints & Illustrated Books",131,56961
2014-05-01,"Prints & Illustrated Books",97,57058
2014-10-01,"Prints & Illustrated Books",201,57259
2014-12-01,"Prints & Illustrated Books",271,57530
2015-04-01,"Prints & Illustrated Books",81,57611
2015-06-01,"Prints & Illustrated Books",297,57908
2015-10-01,"Prints & Illustrated Books",673,58581
2016-01-01,"Prints & Illustrated Books",54,58635
2016-04-01,"Prints & Illustrated Books",29,58664
NA,"Prints & Illustrated Books",1011,59675
